6980.00 0.0008
6990.00 0.0015
7000.00 0.00245
7010.00 0.0039
7020.00 0.006
7030.00 0.0089
7040.00 0.01285
7050.00 0.01795
7060.00 0.02445
7070.00 0.03255
7080.00 0.0423
7090.00 0.0539
7100.00 0.0677
7110.00 0.0831
7120.00 0.10045
7130.00 0.11965
7140.00 0.14075
7150.00 0.16315
7160.00 0.18745
7170.00 0.21295
7180.00 0.239
7190.00 0.2668
7200.00 0.2954
7210.00 0.3242
7220.00 0.353
7230.00 0.3823
7240.00 0.41195
7250.00 0.4401
7260.00 0.4681
7270.00 0.4955
7280.00 0.52295
7290.00 0.5496
7300.00 0.57475
7310.00 0.60025
7320.00 0.62305
7330.00 0.64635
7340.00 0.66705
7350.00 0.6877
7360.00 0.7072
7370.00 0.72545
7380.00 0.7425
7390.00 0.7599
7400.00 0.77355
7410.00 0.78865
7420.00 0.8021
7430.00 0.81505
7440.00 0.827
7450.00 0.8371
7460.00 0.848
7470.00 0.85705
7480.00 0.86655
7490.00 0.87385
7500.00 0.87985
7510.00 0.8881
7520.00 0.89505
7530.00 0.90125
7540.00 0.9049
7550.00 0.90905
7560.00 0.9139
7570.00 0.9208
7580.00 0.92275
7590.00 0.92705
7600.00 0.9298
7610.00 0.93245
7620.00 0.93615
7630.00 0.93735
7640.00 0.93925
7650.00 0.94265
7660.00 0.94445
7670.00 0.94485
7680.00 0.94865
7690.00 0.94865
7700.00 0.95085
7710.00 0.9513
7720.00 0.95375
7730.00 0.9548
7740.00 0.9549
7750.00 0.9555
7760.00 0.95525
7770.00 0.95795
7780.00 0.9584
7790.00 0.95835
7800.00 0.9584
7810.00 0.9588
7820.00 0.959
7830.00 0.95845
7840.00 0.96005
7850.00 0.95945
7860.00 0.9582
7870.00 0.9601
7880.00 0.9609
7890.00 0.9607
7900.00 0.95975
7910.00 0.96105
7920.00 0.9605
7930.00 0.96125
7940.00 0.9619
7950.00 0.96
7960.00 0.9593
7970.00 0.96075
7980.00 0.96155
7990.00 0.95985
8000.00 0.9611
8010.00 0.95895
8020.00 0.9607
8030.00 0.96015
8040.00 0.95805
8050.00 0.95745
8060.00 0.9584
8070.00 0.95905
8080.00 0.95935
8090.00 0.956
8100.00 0.95825
8110.00 0.9563
8120.00 0.9576
8130.00 0.956
8140.00 0.95705
8150.00 0.95785
8160.00 0.9569
8170.00 0.95565
8180.00 0.95565
8190.00 0.9529
8200.00 0.9543
8210.00 0.95435
8220.00 0.95295
8230.00 0.95445
8240.00 0.95375
8250.00 0.953
8260.00 0.9521
8270.00 0.95345
8280.00 0.9527
8290.00 0.95075
8300.00 0.9504
8310.00 0.94995
8320.00 0.9503
8330.00 0.94925
8340.00 0.9483
8350.00 0.94595
8360.00 0.9476
8370.00 0.94725
8380.00 0.9454
8390.00 0.94725
8400.00 0.94565
8410.00 0.94475
8420.00 0.94425
8430.00 0.9445
8440.00 0.9414
8450.00 0.9423
8460.00 0.94175
8470.00 0.94115
8480.00 0.93955
8490.00 0.94015
8500.00 0.9354
8510.00 0.93795
8520.00 0.9368
8530.00 0.9367
8540.00 0.9337
8550.00 0.9381
8560.00 0.9341
8570.00 0.93875
8580.00 0.9338
8590.00 0.9311
8600.00 0.9304
8610.00 0.92305
8620.00 0.92205
8630.00 0.9216
8640.00 0.92145
8650.00 0.9205
8660.00 0.919
8670.00 0.9183
8680.00 0.91735
8690.00 0.9164
8700.00 0.9153
8710.00 0.91405
8720.00 0.9134
8730.00 0.9122
8740.00 0.9111
8750.00 0.91085
8760.00 0.9096
8770.00 0.9085
8780.00 0.9078
8790.00 0.9062
8800.00 0.9057
8810.00 0.9047
8820.00 0.90375
8830.00 0.90285
8840.00 0.90245
8850.00 0.90095
8860.00 0.9002
8870.00 0.8993
8880.00 0.898
8890.00 0.89675
8900.00 0.8958
8910.00 0.89465
8920.00 0.8934
8930.00 0.89225
8940.00 0.89125
8950.00 0.89
8960.00 0.8883
8970.00 0.88775
8980.00 0.88585
8990.00 0.88475
9000.00 0.8839
9010.00 0.8821
9020.00 0.88135
9030.00 0.88005
9040.00 0.879
9050.00 0.878
9060.00 0.87665
9070.00 0.8749
9080.00 0.87385
9090.00 0.87285
9100.00 0.87135
9110.00 0.8698
9120.00 0.8685
9130.00 0.8668
9140.00 0.8654
9150.00 0.8641
9160.00 0.8626
9170.00 0.8609
9180.00 0.8596
9190.00 0.8582
9200.00 0.85685
9210.00 0.85535
9220.00 0.85375
9230.00 0.852
9240.00 0.8507
9250.00 0.8488
9260.00 0.8473
9270.00 0.8453
9280.00 0.8439
9290.00 0.842
9300.00 0.8403
9310.00 0.839
9320.00 0.8367
9330.00 0.83515
9340.00 0.83355
9350.00 0.83165
9360.00 0.8294
9370.00 0.82755
9380.00 0.82585
9390.00 0.82465
9400.00 0.8224
9410.00 0.82095
9420.00 0.8187
9430.00 0.817
9440.00 0.81505
9450.00 0.81315
9460.00 0.8106
9470.00 0.80895
9480.00 0.80715
9490.00 0.80425
9500.00 0.80235
9510.00 0.8002
9520.00 0.79775
9530.00 0.79585
9540.00 0.7934
9550.00 0.7908
9560.00 0.7884
9570.00 0.786
9580.00 0.78365
9590.00 0.7811
9600.00 0.7786
9610.00 0.77645
9620.00 0.7736
9630.00 0.77185
9640.00 0.76925
9650.00 0.7663
9660.00 0.76405
9670.00 0.7616
9680.00 0.75925
9690.00 0.75615
9700.00 0.75325
9710.00 0.7508
9720.00 0.74815
9730.00 0.7456
9740.00 0.743
9750.00 0.7401
9760.00 0.73685
9770.00 0.7344
9780.00 0.7309
9790.00 0.72815
9800.00 0.7253
9810.00 0.72225
9820.00 0.71945
9830.00 0.716
9840.00 0.7126
9850.00 0.7098
9860.00 0.70675
9870.00 0.70335
9880.00 0.70005
9890.00 0.69675
9900.00 0.6934
9910.00 0.6901
9920.00 0.6868
9930.00 0.68295
9940.00 0.67895
9950.00 0.6754
9960.00 0.6723
9970.00 0.66835
9980.00 0.66465
9990.00 0.6615
10000.00 0.6577
10010.00 0.6538
10020.00 0.65005
10030.00 0.6462
10040.00 0.6424
10050.00 0.6388
10060.00 0.6342
10070.00 0.6308
10080.00 0.62705
10090.00 0.62325
10100.00 0.61895
10110.00 0.6148
10120.00 0.61065
10130.00 0.60635
10140.00 0.6025
10150.00 0.5979
10160.00 0.594
10170.00 0.589
10180.00 0.58505
10190.00 0.5803
10200.00 0.5762
10210.00 0.57185
10220.00 0.56695
10230.00 0.56275
10240.00 0.55815
10250.00 0.5538
10260.00 0.5489
10270.00 0.54425
10280.00 0.53955
10290.00 0.53485
10300.00 0.53005
10310.00 0.5253
10320.00 0.52065
10330.00 0.5157
10340.00 0.5108
10350.00 0.506
10360.00 0.5012
10370.00 0.49615
10380.00 0.4912
10390.00 0.48635
10400.00 0.48105
10410.00 0.47595
10420.00 0.4713
10430.00 0.4665
10440.00 0.4609
10450.00 0.45655
10460.00 0.4515
10470.00 0.44615
10480.00 0.44175
10490.00 0.43615
10500.00 0.4305
10510.00 0.42555
10520.00 0.42095
10530.00 0.4158
10540.00 0.41085
10550.00 0.4054
10560.00 0.40055
10570.00 0.39565
10580.00 0.38985
10590.00 0.3851
10600.00 0.3795
10610.00 0.3753
10620.00 0.36985
10630.00 0.36465
10640.00 0.35955
10650.00 0.35435
10660.00 0.34945
10670.00 0.3439
10680.00 0.3383
10690.00 0.3331
10700.00 0.32825
10710.00 0.32395
10720.00 0.3185
10730.00 0.31355
10740.00 0.3084
10750.00 0.3036
10760.00 0.2985
10770.00 0.2931
10780.00 0.28855
10790.00 0.2843
10800.00 0.27865
10810.00 0.2736
10820.00 0.2692
10830.00 0.2647
10840.00 0.2601
10850.00 0.2551
10860.00 0.2504
10870.00 0.24555
10880.00 0.24095
10890.00 0.2367
10900.00 0.23215
10910.00 0.2273
10920.00 0.22325
10930.00 0.2191
10940.00 0.2144
10950.00 0.2102
10960.00 0.20555
10970.00 0.20145
10980.00 0.1969
10990.00 0.19325
11000.00 0.18915
11010.00 0.18435
11020.00 0.18115
11030.00 0.1769
11040.00 0.17245
11050.00 0.1695
11060.00 0.16495
11070.00 0.1614
11080.00 0.1573
11090.00 0.15415
11100.00 0.1505
11110.00 0.1464
11120.00 0.1435
11130.00 0.13935
11140.00 0.13615
11150.00 0.13275
11160.00 0.12975
11170.00 0.12605
11180.00 0.12285
11190.00 0.1197
11200.00 0.1172
11210.00 0.11425
11220.00 0.1111
11230.00 0.10775
11240.00 0.1051
11250.00 0.1024
11260.00 0.09995
11270.00 0.09705
11280.00 0.0942
11290.00 0.09145
11300.00 0.08815
11310.00 0.08765
11320.00 0.0843
11330.00 0.0811
11340.00 0.0785
11350.00 0.0765
11360.00 0.07405
11370.00 0.073
11380.00 0.0708
11390.00 0.0682
11400.00 0.0661
11410.00 0.06415
11420.00 0.06225
11430.00 0.0601
11440.00 0.0583
11450.00 0.05695
11460.00 0.0559
11470.00 0.0536
11480.00 0.0508
11490.00 0.0512
11500.00 0.04835
11510.00 0.047
11520.00 0.0468
11530.00 0.0439
11540.00 0.04275
11550.00 0.04175
11560.00 0.0397
11570.00 0.03795
11580.00 0.0365
11590.00 0.0352
11600.00 0.0337
11610.00 0.0327
11620.00 0.0318
11630.00 0.0309
11640.00 0.02945
11650.00 0.0291
11660.00 0.02795
11670.00 0.0268
11680.00 0.02615
11690.00 0.02485
11700.00 0.02305
11710.00 0.02245
11720.00 0.02275
11730.00 0.02165
11740.00 0.0214
11750.00 0.02025
11760.00 0.01945
11770.00 0.0188
11780.00 0.01785
11790.00 0.01755
11800.00 0.0169
11810.00 0.0161
11820.00 0.01595
11830.00 0.0151
11840.00 0.0144
11850.00 0.01395
11860.00 0.0128
11870.00 0.0125
11880.00 0.01155
11890.00 0.0101
11900.00 0.0099
11910.00 0.0108
11920.00 0.01005
11930.00 0.00965
11940.00 0.0102
11950.00 0.0095
11960.00 0.0093
11970.00 0.00865
11980.00 0.00845
11990.00 0.00745
12000.00 0.0088
