  37023.74142        2.7254768818936903E-4
  37037.253730000004 2.853473518522685E-4 
  37050.76605        3.013391296514605E-4 
  37064.278360000004 3.199167959414055E-4 
  37077.79068        3.368578806642895E-4 
  37091.30299        3.55357155554384E-4  
  37104.81531        3.7162604658537847E-4
  37118.32762        3.8843934329088E-4   
  37131.83993        4.1162057592872856E-4
  37145.35225        4.329985309586476E-4 
  37158.864559999995 4.54086822936595E-4  
  37172.37688        4.7943989330470605E-4
  37185.88919        5.016196933697226E-4 
  37199.401509999996 5.257048639434565E-4 
  37212.91382        5.567613677482436E-4 
  37226.42614        5.887169401465155E-4 
  37239.93845        6.235311062202645E-4 
  37253.45076        6.59606737532212E-4  
  37266.96308        6.957289771632456E-4 
  37280.47539        7.40754124353851E-4  
  37293.98771        7.87139246943591E-4  
  37307.50002        8.2853077452301E-4   
  37321.01234        8.754115472777537E-4 
  37334.52465        9.249640526833756E-4 
  37348.036960000005 9.762560716815695E-4 
  37361.54928        0.001036804345714426 
  37375.06159        0.001098014962641539 
  37388.57391        0.0011596150509843102
  37402.08622        0.0012301508175348564
  37415.59854        0.0013024262973971206
  37429.11085        0.001377890473296985 
  37442.62317        0.0014614078477476475
  37456.135480000004 0.0015446354357747276
  37469.647789999995 0.001631910352943801 
  37483.16011        0.001728559091446484 
  37496.67242        0.0018299622559434575
  37510.18474        0.001942591132443959 
  37523.69705        0.002063913302994298 
  37537.209370000004 0.002185321349623807 
  37550.72168        0.002315966046335546 
  37564.234000000004 0.0024561333619820386
  37577.74631        0.0026003041013206913
  37591.25862        0.0027582990714858854
  37604.77094        0.0029283288067925638
  37618.28325        0.003103952365977272 
  37631.79557        0.0032926699437934325
  37645.30788        0.0034921888064596376
  37658.8202         0.0037014434090708384
  37672.33251        0.003930253785954457 
  37685.84482        0.004172322999614474 
  37699.35714        0.004423519557961391 
  37712.86945        0.004694609206018617 
  37726.38177        0.004982452738774361 
  37739.89408        0.005285664807439066 
  37753.4064         0.005614878668645593 
  37766.91871        0.005964515703815253 
  37780.43103        0.006330844255282344 
  37793.94334        0.006723485901500634 
  37807.45565        0.007141129257904307 
  37820.96797        0.007583707529525914 
  37834.48028        0.008061365020712995 
  37847.992600000005 0.008570297728901723 
  37861.504909999996 0.009109921240508053 
  37875.01723        0.009689544559656912 
  37888.52954        0.010301553361953496 
  37902.04185        0.010948924163285093 
  37915.55417        0.011648966869896875 
  37929.06648        0.012393826111000227 
  37942.5788         0.013186132405875482 
  37956.09111        0.01404413436453522  
  37969.603429999996 0.01495473010502545  
  37983.11574        0.015920652054447714 
  37996.62806        0.01696443746657099  
  38010.14037        0.018073408226617578 
  38023.65268        0.01925545716754682  
  38037.165          0.020534182740206977 
  38050.67731        0.021892283529966836 
  38064.18963        0.02334256738370851  
  38077.70194        0.02490404767130448  
  38091.21426        0.02656207506073946  
  38104.72657        0.02833215670266899  
  38118.23889        0.03023412674272756  
  38131.7512         0.0322609812597939   
  38145.26351        0.03442854875524956  
  38158.77583        0.03675140319160573  
  38172.28814        0.039223631760122106 
  38185.80046        0.04186170224248744  
  38199.31277        0.044683215369893406 
  38212.82509        0.04768732828597469  
  38226.337400000004 0.05089156559518818  
  38239.849709999995 0.05431501740668329  
  38253.36203        0.057953039996530335 
  38266.87434        0.061817319504693574 
  38280.38666        0.0659243828684427   
  38293.89897        0.07027995287971281  
  38307.411290000004 0.07488641446117326  
  38320.9236         0.0797677714703601   
  38334.43592        0.08492523687015713  
  38347.94823        0.09035400648604834  
  38361.46054        0.09607761715115072  
  38374.97286        0.1020838114464909   
  38388.48517        0.10837221971372893  
  38401.99749        0.11496375308708895  
  38415.5098         0.12184358437287825  
  38429.02212        0.12899821702823763  
  38442.53443        0.1364347989463754   
  38456.04674        0.1441449658754936   
  38469.55906        0.1521037189049436   
  38483.07137        0.16030463396836392  
  38496.58369        0.16874512281027     
  38510.096          0.17737242760517424  
  38523.60832        0.1862156994822315   
  38537.120630000005 0.19524032214477383  
  38550.63295        0.20438527687064847  
  38564.14526        0.2136775682619179   
  38577.65757        0.22308286736190716  
  38591.16989        0.2325273349723171   
  38604.6822         0.24205303443943393  
  38618.194520000005 0.2516193162360545   
  38631.706829999996 0.26113778800515397  
  38645.219150000004 0.27068251157085943  
  38658.73146        0.28021356968282457  
  38672.24377        0.28965894414732063  
  38685.75609        0.2990718315109795   
  38699.2684         0.3084223031617179   
  38712.78072        0.31765374857456646  
  38726.29303        0.32681249439021964  
  38739.805349999995 0.33588230412451026  
  38753.31766        0.3448070609869055   
  38766.82998        0.3536182284345107   
  38780.34229        0.36229916536226325  
  38793.8546         0.37084870128097025  
  38807.36692        0.37922727698709224  
  38820.87923        0.38745687773751364  
  38834.39155        0.39548606271389675  
  38847.90386        0.40331250550841835  
  38861.41618        0.4109502762100823   
  38874.92849        0.41837896654863893  
  38888.44081        0.42557130719939773  
  38901.95312        0.43254234083541354  
  38915.465430000004 0.4392946885914371   
  38928.97775        0.4457884610006067   
  38942.49006        0.45202502541766076  
  38956.00238        0.4580156211030514   
  38969.514689999996 0.4637125898122798   
  38983.02701        0.4691256200740304   
  38996.53932        0.47427281046551006  
  39010.05163        0.4790695047403891   
  39023.56395        0.4835629237779421   
  39037.07626        0.487775481316171    
  39050.588579999996 0.4916827818954553   
  39064.10089        0.4953083148100908   
  39077.61321        0.49867575711462053  
  39091.12552        0.5017827580039773   
  39104.63784        0.5046193494718869   
  39118.15015        0.5072179804301874   
  39131.66246        0.5095888570390592   
  39145.17478        0.5117004475192138   
  39158.68709        0.5136084305278753   
  39172.19941        0.5153166300568723   
  39185.71172        0.5167918665226015   
  39199.22404        0.5181061856261329   
  39212.73635        0.519281765806935    
  39226.24866        0.5202831613777479   
  39239.76098        0.5211681102674617   
  39253.27329        0.5219776786609088   
  39266.78561        0.5226568678211982   
  39280.29792        0.5232754361049428   
  39293.81024        0.5237973025964744   
  39307.322550000004 0.5242320908849745   
  39320.83487        0.5246232747671191   
  39334.34718        0.5249432225463146   
  39347.85949        0.5252030183472047   
  39361.37181        0.5254505628904027   
  39374.88412        0.5256409998006011   
  39388.396440000004 0.5258087715938583   
  39401.90875        0.5259976931080068   
  39415.421070000004 0.5261505856780035   
  39428.93338        0.5263073397293214   
  39442.44569        0.5264932659942937   
  39455.95801        0.5266471272838558   
  39469.47032        0.5268057923454619   
  39482.98264        0.5269891185730526   
  39496.49495        0.5271367617375883   
  39510.007269999995 0.5273301735424971   
  39523.51958        0.527478194266916    
  39537.0319         0.527629918128483    
  39550.54421        0.5278396406945468   
  39564.05652        0.528017024084559    
  39577.56884        0.5282000677293911   
  39591.08115        0.5284575863295329   
  39604.59347        0.5286856048941058   
  39618.10578        0.5289118008117182   
  39631.6181         0.5291877810836612   
  39645.13041        0.5294169716032103   
  39658.64273        0.5296360590047957   
  39672.15504        0.5298942707600665   
  39685.66735        0.5301064565552642   
  39699.179670000005 0.5303033772310719   
  39712.691979999996 0.5305398125704193   
  39726.2043         0.5307516689553469   
  39739.71661        0.5309630606736117   
  39753.22893        0.5312207662248489   
  39766.74124        0.5314415018703451   
  39780.25355        0.5316977850721536   
  39793.76587        0.5318992014861104   
  39807.27818        0.5320924137839187   
  39820.790499999996 0.5323150387888493   
  39834.30281        0.5324659975995235   
  39847.81513        0.5326074056992234   
  39861.32744        0.5327823311057254   
  39874.83976        0.532903169917333    
  39888.35207        0.5330199018616677   
  39901.86438        0.533176447575595    
  39915.3767         0.5332895638698414   
  39928.88901        0.5333984641436097   
  39942.40133        0.5335539058645408   
  39955.91364        0.5336598153190284   
  39969.42596        0.5337453480554921   
  39982.93827        0.5338601617735221   
  39996.45058        0.5339223342786611   
  40009.9629         0.5339679018048826   
  40023.47521        0.5340088814312371   
  40036.98753        0.5340273499975778   
  40050.499840000004 0.5340623451978982   
  40064.012160000006 0.5340831923173699   
  40077.52447        0.5341162654612605   
  40091.03679        0.5341677619263122   
  40104.5491         0.5341959069915441   
  40118.06141        0.5342259461764856   
  40131.573730000004 0.5342737633111416   
  40145.08604        0.5342833875411841   
  40158.598359999996 0.534283340358118    
  40172.11067        0.5343007852239285   
  40185.62299        0.5342870828158222   
  40199.1353         0.5342770435577798   
  40212.64761        0.534297241394329    
  40226.159929999994 0.5342969217014351   
  40239.67224        0.5343003873549655   
  40253.18456        0.5343458561670038   
  40266.69687        0.5343792115542261   
  40280.20919        0.534429956649125    
  40293.72150000001  0.5344537914227276   
  40307.233819999994 0.5344746761103945   
  40320.74613        0.5345172230755447   
  40334.25844        0.5345264618259855   
  40347.77076        0.5345349874385092   
  40361.283070000005 0.5345666754431551   
  40374.79538999999  0.5345705283074935   
  40388.3077         0.5345896803559188   
  40401.82002        0.5346502178039707   
  40415.33233        0.5346841993714315   
  40428.84465        0.5347247675162412   
  40442.356960000005 0.5348088754550478   
  40455.86927        0.5348550231079244   
  40469.38159        0.5349004248957252   
  40482.893899999995 0.5349812747641631   
  40496.406220000004 0.5350163698931507   
  40509.91853        0.5350510825370514   
  40523.430850000004 0.5351321238309228   
  40536.943159999995 0.5351694665712617   
  40550.45547        0.5352376907416816   
  40563.96779        0.5352735370345035   
  40577.4801         0.5353255769563169   
  40590.992419999995 0.5354365730482142   
  40604.50473        0.5355060504629635   
  40618.017049999995 0.5355804514307662   
  40631.52936        0.5357044638740043   
  40645.04168        0.5357635541724749   
  40658.55399        0.5358230339173677   
  40672.066300000006 0.5359351654462019   
  40685.57862000001  0.5359844809380807   
  40699.090930000006 0.5360307537568996   
  40712.60325        0.5361415748959746   
  40726.11556        0.5361877937124859   
  40739.62788        0.5362348540199211   
  40753.140190000006 0.5363583171198196   
  40766.6525         0.536422233821029    
  40780.16482        0.5365549858326362   
  40793.67713        0.5366215610638583   
  40807.18945        0.5366899048075906   
  40820.70176        0.5368116307151076   
  40834.214080000005 0.5368524711982414   
  40847.726389999996 0.5368872567164154   
  40861.23871        0.536985731100488    
  40874.75102        0.5370013338683199   
  40888.26333        0.5370144159899206   
  40901.77565        0.5371068651663611   
  40915.28796        0.5371203893132535   
  40928.800279999996 0.537140814198807    
  40942.31259        0.5372454890073812   
  40955.82491        0.5372703071043758   
  40969.33722        0.5372885574360404   
  40982.84953        0.5373887290844009   
  40996.36185000001  0.5373983606885822   
  41009.87416        0.5373924711232232   
  41023.38648        0.537464026316133    
  41036.89878999999  0.5374459906992297   
  41050.411109999994 0.5375012898106386   
  41063.92342000001  0.5374583944559572   
  41077.43573999999  0.5374235151686331   
  41090.94805        0.5374796273792923   
  41104.46036        0.5374518083512202   
  41117.97268        0.5374292593103659   
  41131.484990000004 0.5375034895452648   
  41144.997310000006 0.5374854588927792   
  41158.509620000004 0.5374597092595936   
  41172.021940000006 0.5375188484266089   
  41185.53425        0.5374837900738995   
  41199.04657        0.5374405605765086   
  41212.55888        0.5374794532934009   
  41226.07119        0.5374302901838381   
  41239.583510000004 0.5373832901968149   
  41253.09582        0.5374342998644731   
  41266.608140000004 0.5374110199894533   
  41280.12045        0.5374861890741562   
  41293.632770000004 0.5374817955467877   
  41307.145079999995 0.5374936814450316   
  41320.65739        0.5376034922544544   
  41334.16971        0.5376336300571023   
  41347.68202        0.5376664835622204   
  41361.19434        0.5377852049720664   
  41374.70665000001  0.5378206854245944   
  41388.218969999994 0.5378570017086579   
  41401.73128000001  0.5379821646324373   
  41415.2436         0.5380357275538317   
  41428.75591        0.5381006156216951   
  41442.26821999999  0.5382615407506439   
  41455.78053999999  0.5383739340489543   
  41469.292850000005 0.5385040023224996   
  41482.80517        0.5387223021133385   
  41496.31748        0.5388760613363031   
  41509.8298         0.5390377915349698   
  41523.342110000005 0.5392748726826835   
  41536.854419999996 0.5394508041654167   
  41550.36674        0.5397009368090872   
  41563.879049999996 0.5398828111302398   
  41577.39136999999  0.5400625321245318   
  41590.90368        0.5403180243606658   
  41604.416000000005 0.5405229518823547   
  41617.928309999996 0.5407332482469644   
  41631.44063        0.5410095984556458   
  41644.95294        0.5412358742728796   
  41658.46525        0.5414716441017327   
  41671.97757        0.5417634738062301   
  41685.48988        0.5419974674894892   
  41699.0022         0.5422244538586692   
  41712.51451        0.5424817381301175   
  41726.02683        0.5426725393756584   
  41739.53914        0.5428516378450672   
  41753.05146        0.5430555736294989   
  41766.56377000001  0.5432031781938798   
  41780.07608        0.5433757997818498   
  41793.5884         0.5435067512916626   
  41807.10071        0.5436204699750834   
  41820.61303        0.5437535074570878   
  41834.125340000006 0.5438444270126646   
  41847.63765999999  0.5439242463228839   
  41861.14997        0.544011069060826    
  41874.66228        0.5440398124959089   
  41888.1746         0.54404078527672     
  41901.686910000004 0.5440320540369064   
  41915.199230000006 0.5439680995198821   
  41928.711540000004 0.5438809893376915   
  41942.223860000006 0.5437849744485761   
  41955.73617        0.5436454286124783   
  41969.248490000005 0.543489657839638    
  41982.7608         0.543337514411713    
  41996.27311        0.5431567476527814   
  42009.785429999996 0.5429519325063279   
  42023.29774        0.5427480610889067   
  42036.81006        0.5425196117471338   
  42050.32237        0.5422815181200806   
  42063.83469        0.5420140479461738   
  42077.346999999994 0.5417368764780471   
  42090.85931        0.5414433562735149   
  42104.37163        0.5411226228132737   
  42117.88394        0.5407834498431261   
  42131.39626        0.5404455454220027   
  42144.90857000001  0.5400995934277183   
  42158.420889999994 0.5397508548111445   
  42171.93320000001  0.539404122518305    
  42185.44552        0.5390654356744552   
  42198.95783        0.5387197300914155   
  42212.47013999999  0.5383719988058109   
  42225.98246000001  0.5380288898169405   
  42239.49477        0.5376840894407215   
  42253.00709        0.5373181356595693   
  42266.5194         0.5369383562906892   
  42280.03171999999  0.5365315604762969   
  42293.544030000005 0.5361009201920728   
  42307.05634        0.5356403719135325   
  42320.56866        0.5351613332363705   
  42334.08097000001  0.5346680641275645   
  42347.593290000004 0.5341352685272515   
  42361.1056         0.5335576594997438   
  42374.617920000004 0.5329564664047507   
  42388.130229999995 0.5323083673525918   
  42401.64255        0.5315976096315318   
  42415.15486        0.5308371720730283   
  42428.66717        0.53001564568472     
  42442.17949        0.5290891531996147   
  42455.6918         0.5280256364512066   
  42469.20412000001  0.5268415203817023   
  42482.71643        0.5255234672733298   
  42496.22875        0.5240656889881917   
  42509.74105999999  0.5223905466261406   
  42523.25338        0.520557278264742    
  42536.76569000001  0.5185480623271008   
  42550.278          0.5163409081980574   
  42563.79032        0.5138850839819423   
  42577.30263        0.5111900168490013   
  42590.81495        0.5082563710683967   
  42604.327260000005 0.5050689797217054   
  42617.83958        0.5015983374619517   
  42631.35189        0.497755644020173    
  42644.864199999996 0.4936024996702828   
  42658.37652        0.48914231416773657  
  42671.88883        0.48438382188101947  
  42685.401150000005 0.4792059465020713   
  42698.91346        0.4736696877217414   
  42712.425780000005 0.467827187013789    
  42725.938089999996 0.4616789899034536   
  42739.450410000005 0.4551568091111391   
  42752.962719999996 0.4482420359046473   
  42766.47503        0.44103756115211856  
  42779.987349999996 0.4335608641978407   
  42793.49966        0.4257861670302496   
  42807.01198        0.4175748550857741   
  42820.52429        0.40914619208005015  
  42834.03661        0.40049720586737636  
  42847.548919999994 0.3916508905270962   
  42861.06123        0.3824399280523306   
  42874.57355        0.373080704025359    
  42888.08586        0.3636064531985891   
  42901.59818        0.3540468122061652   
  42915.11049000001  0.34426833145952496  
  42928.62280999999  0.3344390097648241   
  42942.135120000006 0.3246169027832143   
  42955.64744        0.31479069598953663  
  42969.15975        0.3049054935271108   
  42982.672060000004 0.295062527489891    
  42996.184380000006 0.285289235859279    
  43009.69669        0.27561002824578984  
  43023.20901        0.2660030372409418   
  43036.72132        0.25649899846115426  
  43050.23363999999  0.24716905399302613  
  43063.745950000004 0.2379972043917415   
  43077.25826        0.2289801570211512   
  43090.77058        0.2201597908479524   
  43104.28289000001  0.2115404096148343   
  43117.795210000004 0.20313642813737154  
  43131.30752        0.19494909270173752  
  43144.819840000004 0.18697005139280967  
  43158.332149999995 0.17921841951008005  
  43171.84447        0.171702896704747    
  43185.35678        0.16439627915271354  
  43198.86909        0.15731434277300896  
  43212.38141        0.15046700087119158  
  43225.89372000001  0.1438361798174413   
  43239.40604000001  0.13742691545077584  
  43252.91835        0.13124882131083362  
  43266.43067        0.12528126340328563  
  43279.94297999999  0.11953050115176868  
  43293.455299999994 0.113999634156669    
  43306.96760999999  0.10867126457139184  
  43320.47992        0.10354880237878658  
  43333.99224        0.09861855509263798  
  43347.50455        0.09388589886832249  
  43361.01687        0.08934810428761797  
  43374.529180000005 0.0849838974961801   
  43388.0415         0.08079630890429537  
  43401.55381        0.0767903999048011   
  43415.066119999996 0.07294694796585507  
  43428.57844        0.0692614979185444   
  43442.09075        0.06573578914374846  
  43455.603070000005 0.06236885066546739  
  43469.11538        0.059155235993611145 
  43482.6277         0.05608708317606841  
  43496.14001        0.053152489822244395 
  43509.652330000004 0.05036109457623471  
  43523.16464        0.04770130621716086  
  43536.67695        0.04516354868710073  
  43550.189269999995 0.04274483910878461  
  43563.70158        0.04045069307118186  
  43577.2139         0.038265148930301696 
  43590.72621        0.036184568718643964 
  43604.23853        0.034202416683688786 
  43617.75083999999  0.03233264900141347  
  43631.263150000006 0.0305553927508874   
  43644.77547000001  0.028865649899559163 
  43658.28778        0.027258672723968022 
  43671.8001         0.02574895305659069  
  43685.312410000006 0.024315674058246278 
  43698.82472999999  0.022954874414658946 
  43712.33704        0.02166332736488867  
  43725.84936        0.020451608532914826 
  43739.36167        0.019303150087559964 
  43752.873980000004 0.018213100060578514 
  43766.386300000006 0.01718494826880307  
  43779.89861        0.01622418363253417  
  43793.41093        0.01531410238001564  
  43806.92324        0.014445461131727642 
  43820.43555999999  0.013623720095911195 
  43833.94787        0.012855830837106095 
  43847.46018        0.012132182594974523 
  43860.972499999996 0.011441613374822836 
  43874.48481000001  0.010794376749729016 
  43887.99713        0.01018887397898997  
  43901.50944        0.00961993347432338  
  43915.02176        0.009075142421879488 
  43928.534069999994 0.008568020066711675 
  43942.046389999996 0.008093013728554574 
  43955.5587         0.007647234996426568 
  43969.07101        0.007214922263203617 
  43982.583329999994 0.0068149475220064225
  43996.09564000001  0.006442016663728253 
  44009.60796000001  0.006092918436454807 
  44023.12027        0.005755778132911534 
  44036.63259        0.005442298399232843 
  44050.14489999999  0.0051522878914741395
  44063.657219999994 0.004877046625140655 
  44077.16953000001  0.00460908843434837  
  44090.68184        0.004357944389316159 
  44104.19416        0.004129271685885432 
  44117.70647        0.003914876798281924 
  44131.21879        0.0037093327474307623
  44144.731100000005 0.0035144560306773313
  44158.24342        0.003339060791422696 
  44171.755730000004 0.003168921906412243 
  44185.268039999995 0.003004797089012656 
  44198.780360000004 0.0028467706532064123
  44212.292669999995 0.002709047397315002 
  44225.804990000004 0.0025748902699199603
  44239.3173         0.0024447223264309607
  44252.82962        0.0023189349553063964
  44266.34193        0.0022072309975662706
  44279.854250000004 0.002100360215372755 
  44293.36656        0.001995315980336017 
  44306.87887        0.0018965982589766446
  44320.391189999995 0.0018078116955288458
  44333.9035         0.0017248794512721654
  44347.41582        0.0016401421441043203
  44360.92813        0.0015623713274865677
  44374.44045        0.0014911977405526237
  44387.95275999999  0.0014266974610267695
  44401.465070000006 0.001357147489329226 
  44414.97739000001  0.0012939496985210725
  44428.4897         0.0012362256766105361
  44442.00202        0.0011828718840466825
  44455.51432999999  0.0011243168896616256
  44469.02665        0.0010696625961404964
  44482.53896        0.0010233663811139305
  44496.05128        9.843583385566851E-4 
  44509.56359        9.435379564043545E-4 
  44523.0759         9.01907081661855E-4  
  44536.588220000005 8.666367985742554E-4 
  44550.100529999996 8.311787070787355E-4 
  44563.61285        7.946653371633905E-4 
  44577.125159999996 7.551588000021775E-4 
  44590.63747999999  7.23914524994226E-4  
  44604.14979        6.937204728164985E-4 
  44617.662110000005 6.63286972866604E-4  
  44631.174419999996 6.32346257597426E-4  
  44644.68673000001  6.092760178017325E-4 
  44658.19905        5.902238853054136E-4 
  44671.71136        5.672747185966975E-4 
  44685.22368        5.41116605948148E-4  
  44698.735989999994 5.167933569851285E-4 
  44712.24831000001  4.971574496455055E-4 
  44725.76062        4.7301821182122307E-4
  44739.27293        4.512925468799625E-4 
  44752.78524999999  4.32831430716986E-4  
  44766.297560000006 4.24842868499406E-4  
  44779.80988000001  4.11629463973127E-4  
  44793.32219        3.953361150994145E-4 
  44806.83451        3.78822696183492E-4  
  44820.34682        3.67093267397139E-4  
  44833.85914        3.54422107769971E-4  
  44847.371450000006 3.36910938797271E-4  
  44860.88376        3.2283963115496553E-4
  44874.39608        3.11781834810286E-4  
  44887.90839        3.0355449540164103E-4
  44901.42071        2.86995470590909E-4  
  44914.933020000004 2.73043803030511E-4  
