  14934.000244140627 2.7004963766512726E-4
  14944.000244140625 3.193468877409857E-4 
  14954.000244140623 3.5371775951899124E-4
  14964.000244140625 4.1417511794051935E-4
  14974.000244140623 4.8125233714295374E-4
  14984.000244140625 5.668728515488568E-4 
  14994.000244140623 6.537344441906228E-4 
  15004.000244140625 7.762372518261212E-4 
  15014.000244140623 9.035269800985927E-4 
  15024.000244140625 0.001053853254504402 
  15034.000244140623 0.0012422075326605753
  15044.000244140625 0.0014445135483498717
  15054.000244140623 0.0017169954983492991
  15064.000244140625 0.002012370134661106 
  15074.000244140623 0.0023803547231376052
  15084.000244140623 0.002750048322938418 
  15094.000244140623 0.00321554650627484  
  15104.000244140623 0.003754166942978414 
  15114.000244140623 0.004484353056496008 
  15124.000244140623 0.005100153962080519 
  15134.000244140623 0.006067762123990978 
  15144.000244140623 0.006790941851850981 
  15154.000244140623 0.008162524158066193 
  15164.000244140623 0.009511894929171677 
  15174.000244140625 0.011057099996548995 
  15184.000244140623 0.012757814496688242 
  15194.000244140625 0.01423997372322856  
  15204.000244140623 0.015785221293234186 
  15214.000244140625 0.017263219544784828 
  15224.000244140623 0.01931593751152001  
  15234.000244140625 0.02136147868857216  
  15244.000244140623 0.023031195561581556 
  15254.000244140625 0.02658964861209077  
  15264.000244140623 0.029310081766903966 
  15274.000244140625 0.03287423289344081  
  15284.000244140623 0.03747010001149062  
  15294.000244140625 0.042488110871797685 
  15304.000244140623 0.048675910277349764 
  15314.000244140625 0.05537813746304607  
  15324.000244140623 0.06359000465232789  
  15334.000244140625 0.07388948223275071  
  15344.000244140623 0.08374681331638054  
  15354.000244140625 0.09941478262262603  
  15364.000244140623 0.11277137379185809  
  15374.000244140625 0.12767945688329818  
  15384.000244140623 0.15440245578433448  
  15394.000244140625 0.17478806399014316  
  15404.000244140623 0.20134522184238157  
  15414.000244140625 0.2298961660253551   
  15424.000244140623 0.2603286597073295   
  15434.000244140625 0.28812245830985483  
  15444.000244140623 0.31802939283495374  
  15454.000244140625 0.3469071887558383   
  15464.000244140623 0.36630729507119697  
  15474.000244140625 0.38660144964631615  
  15484.000244140623 0.4027374753966399   
  15494.000244140625 0.4132094261491615   
  15504.000244140623 0.42126704048810587  
  15514.000244140625 0.4259120097282588   
  15524.000244140625 0.432567501425237    
  15534.000244140625 0.4329376267396336   
  15544.000244140625 0.4369770646515851   
  15554.000244140625 0.44096409389294294  
  15564.000244140625 0.4417958535090835   
  15574.000244140625 0.4423585531663169   
  15584.000244140625 0.4395685373548285   
  15594.000244140625 0.4530683308542571   
  15604.000244140625 0.4476028529736256   
  15614.000244140625 0.4491066936375765   
  15624.000244140625 0.4564730030779173   
  15634.000244140625 0.45779801883217747  
  15644.000244140625 0.4496303201686764   
  15654.000244140625 0.45600532811382566  
  15664.000244140625 0.4541779276377695   
  15674.000244140625 0.4582901146045603   
  15684.000244140625 0.4576754564750744   
  15694.000244140625 0.4596727641409457   
  15704.000244140625 0.4567858848883346   
  15714.000244140625 0.4574291134805196   
  15724.000244140625 0.46035553301311066  
  15734.000244140625 0.4514838871011345   
  15744.000244140625 0.46101229494163176  
  15754.000244140625 0.46929981557240236  
  15764.000244140625 0.4633612524919724   
  15774.000244140625 0.4610414357189175   
  15784.000244140625 0.4569768623841726   
  15794.000244140625 0.457331217675058    
  15804.000244140625 0.4750874833700524   
  15814.000244140625 0.45910988066364045  
  15824.000244140625 0.47455085385958307  
  15834.000244140625 0.46554011256902567  
  15844.000244140625 0.46246876037513496  
  15854.000244140625 0.46965550302125353  
  15864.000244140625 0.4637476082005121   
  15874.000244140625 0.46898155337655656  
  15884.000244140625 0.46227255064925027  
  15894.000244140625 0.4653961890650923   
  15904.000244140625 0.466107207886178    
  15914.000244140625 0.4665872182895189   
  15924.000244140625 0.46180145289661495  
  15934.000244140625 0.46570882548563997  
  15944.000244140625 0.46131426934899183  
  15954.000244140625 0.4610992882209231   
  15964.000244140625 0.4599850144098677   
  15974.000244140625 0.46328356183549735  
  15984.000244140627 0.45837917554152025  
  15994.000244140625 0.4603049730617044   
  16004.000244140627 0.4608146610839022   
  16014.000244140625 0.4619395803034499   
  16024.000244140627 0.46146757876611133  
  16034.000244140625 0.4582478460124779   
  16044.000244140627 0.4599593369689063   
  16054.000244140625 0.46288892158976314  
  16064.000244140627 0.4558803594867914   
  16074.000244140625 0.45620813890017403  
  16084.000244140627 0.45899297939252826  
  16094.000244140625 0.4601911139684929   
  16104.000244140627 0.4557761577585455   
  16114.000244140625 0.4584036389486264   
  16124.000244140627 0.45352858364415566  
  16134.000244140625 0.4540444568955422   
  16144.000244140627 0.44760160199770604  
  16154.000244140625 0.4625140185038688   
  16164.000244140627 0.44999309923060415  
  16174.000244140625 0.4591466363260668   
  16184.000244140627 0.4510295411990094   
  16194.000244140625 0.45330969627899703  
  16204.000244140623 0.45928416586632775  
  16214.000244140625 0.45632741251786035  
  16224.000244140623 0.4542758566719969   
  16234.000244140625 0.4591017052085731   
  16244.000244140623 0.4607700464307113   
  16254.000244140625 0.45093844980342895  
  16264.000244140623 0.4732967639881863   
  16274.000244140625 0.459983318606644    
  16284.000244140623 0.46349071669572367  
  16294.000244140625 0.46300020458970315  
  16304.000244140623 0.46624628955929487  
  16314.000244140625 0.46072235942947326  
  16324.000244140623 0.47092892497342076  
  16334.000244140623 0.4678581434349722   
  16344.000244140623 0.46264806346488935  
  16354.000244140623 0.47344997403876027  
  16364.000244140623 0.4729668930796078   
  16374.000244140623 0.467217029167356    
  16384.000244140625 0.4704305667211608   
  16394.00024414062  0.4730254244449392   
  16404.000244140625 0.472958737354786    
  16414.00024414062  0.4728786898352585   
  16424.000244140625 0.4729435697328499   
  16434.00024414062  0.46932295881160435  
  16444.000244140625 0.4761095826141437   
  16454.00024414062  0.47502527232633546  
  16464.000244140625 0.47076085555705116  
  16474.00024414062  0.47178342532072415  
  16484.000244140625 0.4759023150109948   
  16494.00024414062  0.4767421415143808   
  16504.000244140625 0.47550553115226507  
  16514.00024414062  0.48097860079138777  
  16524.000244140625 0.47088050423682415  
  16534.00024414062  0.46761156568917706  
  16544.000244140625 0.4754514147965636   
  16554.00024414062  0.47204435437608644  
  16564.000244140625 0.4703234529112321   
  16574.00024414062  0.47202661552309444  
  16584.000244140625 0.4667730608607446   
  16594.00024414062  0.4740379534944383   
  16604.000244140625 0.4711424179700263   
  16614.00024414062  0.46657415941796215  
  16624.000244140625 0.466571947020886    
  16634.00024414062  0.46366939244367467  
  16644.000244140625 0.4673581111049234   
  16654.000244140625 0.4634687075159712   
  16664.000244140625 0.46136080482128433  
  16674.000244140625 0.4636409042976606   
  16684.000244140625 0.46021567952444253  
  16694.000244140625 0.46002749891361233  
  16704.000244140625 0.4584749677694129   
  16714.000244140625 0.4570425280400671   
  16724.000244140625 0.45682118525835747  
  16734.000244140625 0.46141134187486843  
  16744.000244140625 0.4603717108017486   
  16754.000244140625 0.460625540672974    
  16764.000244140625 0.46613764420601134  
  16774.000244140625 0.46042073726532656  
  16784.000244140625 0.465927556796368    
  16794.000244140625 0.47040462868183114  
  16804.000244140625 0.4685475780016093   
  16814.000244140625 0.46680565232405624  
  16824.000244140625 0.4685348330889135   
  16834.000244140625 0.4802898708856553   
  16844.000244140625 0.475956158503578    
  16854.000244140625 0.47606987666744016  
  16864.000244140625 0.47107966128559475  
  16874.000244140625 0.4784091206411915   
  16884.000244140625 0.4761620775850696   
  16894.000244140625 0.47155724368325447  
  16904.000244140625 0.4704632740071358   
  16914.000244140625 0.4792793289076338   
  16924.000244140625 0.4767450412491575   
  16934.000244140625 0.4726324948135914   
  16944.000244140625 0.46713700673216396  
  16954.000244140625 0.47973728777421193  
  16964.000244140625 0.4672915243935584   
  16974.000244140625 0.46718038548130625  
  16984.000244140625 0.46681274913706877  
  16994.000244140625 0.4581248119781607   
  17004.000244140625 0.4533902662099365   
  17014.000244140625 0.4487924376731599   
  17024.000244140625 0.44035401992639267  
  17034.000244140625 0.430488918518882    
  17044.000244140625 0.41850127568451667  
  17054.000244140625 0.4057541759016913   
  17064.000244140625 0.38830920637778904  
  17074.000244140625 0.3727690411765783   
  17084.000244140625 0.349215750227711    
  17094.000244140625 0.3251548257801871   
  17104.000244140625 0.30103100648266756  
  17114.000244140625 0.27754978978819267  
  17124.000244140625 0.24613385876529073  
  17134.000244140625 0.2375101520608632   
  17144.000244140625 0.2062142404844472   
  17154.000244140625 0.18483325484910124  
  17164.000244140625 0.16466167729493023  
  17174.000244140625 0.1452616602630726   
  17184.000244140625 0.12669511571919717  
  17194.000244140625 0.11460863012721471  
  17204.000244140625 0.1012803925767166   
  17214.000244140625 0.08968908205645501  
  17224.000244140625 0.07846556679600486  
  17234.000244140625 0.07011467190478954  
  17244.000244140625 0.06223736989440541  
  17254.000244140625 0.053931419777363564 
  17264.000244140625 0.05059025816929538  
  17274.000244140625 0.04512325937135962  
  17284.000244140625 0.04071404166018681  
  17294.000244140625 0.036504357862822794 
  17304.000244140625 0.034075690064185815 
  17314.000244140625 0.03010565334150056  
  17324.000244140625 0.02687043622330654  
  17334.000244140625 0.023372390601732695 
  17344.000244140625 0.019988374696022267 
  17354.000244140625 0.017090488243341327 
  17364.000244140625 0.014693669540416293 
  17374.000244140625 0.01218161858474482  
  17384.000244140625 0.010923952562817604 
  17394.000244140625 0.009206377016178994 
  17404.000244140625 0.008080984089642739 
  17414.000244140625 0.006787108863470603 
  17424.000244140625 0.005915219372833307 
  17434.000244140625 0.005075510597147085 
  17444.000244140625 0.004267604273544885 
  17454.000244140625 0.0037581667548897127
  17464.000244140625 0.003335452929621202 
  17474.000244140625 0.0029551732592234575
  17484.000244140625 0.0025432709070994804
  17494.000244140625 0.002231836716516513 
  17504.000244140625 0.0019444797331289027
  17514.000244140625 0.0017253648366173846
  17524.000244140625 0.001521165929238227 
  17534.000244140625 0.001339503385488761 
  17544.000244140625 0.0012226830968417395
  17554.000244140625 0.0010550827331981837
  17564.000244140625 9.411118961894245E-4 
  17574.000244140625 8.652851566604344E-4 
  17584.00024414062  7.740461073933362E-4 
  17594.000244140625 6.989948140909925E-4 
  17604.00024414062  6.155148056890424E-4 
  17614.000244140625 5.635099369059337E-4 
  17624.00024414062  5.060506358706276E-4 
  17634.000244140625 4.53061965358223E-4  
  17644.00024414062  4.1145728025919286E-4
  17654.000244140625 3.8250555289915235E-4
  17664.00024414062  3.5022247763293935E-4
  17674.000244140625 3.1744896104183906E-4
  17684.00024414062  2.909968624110357E-4 
  17694.000244140625 2.6667111175819445E-4
