  7845.499877929687  2.2114331886105868E-4
  7855.499877929687  4.3054893258334746E-4
  7865.499877929687  9.348655602207973E-4 
  7875.499877929687  0.002121530399455257 
  7885.499877929687  0.0050020242939029435
  7895.499877929687  0.011765713628894956 
  7905.499877929687  0.02482309838765797  
  7915.499877929687  0.04660641217154296  
  7925.499877929687  0.07676213322797999  
  7935.499877929687  0.11355563022970176  
  7945.499877929687  0.14991750349069005  
  7955.4998779296875 0.1824920907857648   
  7965.4998779296875 0.20993610057404558  
  7975.4998779296875 0.23026023869312204  
  7985.4998779296875 0.24472323240999494  
  7995.4998779296875 0.2539972843963676   
  8005.4998779296875 0.2604786623955521   
  8015.4998779296875 0.26360467615117206  
  8025.4998779296875 0.2645087826600529   
  8035.4998779296875 0.2650089606781452   
  8045.4998779296875 0.2661554932377268   
  8055.4998779296875 0.26699040473815805  
  8065.4998779296875 0.26621491213099224  
  8075.4998779296875 0.2629324576317426   
  8085.4998779296875 0.25846630610747473  
  8095.4998779296875 0.2551103517430108   
  8105.4998779296875 0.2545023224007785   
  8115.4998779296875 0.2564187600145086   
  8125.4998779296875 0.25961269592373115  
  8135.4998779296875 0.2617209325705576   
  8145.4998779296875 0.26396483525613146  
  8155.4998779296875 0.26326392146234273  
  8165.4998779296875 0.26298058856621037  
  8175.4998779296875 0.26477250443979244  
  8185.4998779296875 0.2692417427478382   
  8195.499877929688  0.2739419827511534   
  8205.499877929688  0.2803549508950135   
  8215.499877929688  0.28507258583263256  
  8225.499877929688  0.287334914644678    
  8235.499877929688  0.28806897683934996  
  8245.499877929688  0.2874378892696116   
  8255.499877929688  0.2842827208160014   
  8265.499877929688  0.28115021396714557  
  8275.499877929688  0.27942384663645825  
  8285.499877929688  0.2792881743478985   
  8295.499877929688  0.28040427625415393  
  8305.499877929688  0.2812550770382179   
  8315.499877929688  0.2817900652854807   
  8325.499877929688  0.2811788523925384   
  8335.499877929688  0.2794958117628912   
  8345.499877929688  0.2773611362768297   
  8355.499877929688  0.2774041442652681   
  8365.499877929688  0.2783454386765074   
  8375.499877929688  0.2804032548542506   
  8385.499877929688  0.2828792257855346   
  8395.499877929688  0.2848635762105177   
  8405.499877929688  0.2868445620379628   
  8415.499877929688  0.28847788170130717  
  8425.499877929688  0.2899672937261366   
  8435.499877929688  0.2912896992001033   
  8445.499877929688  0.2926788005202615   
  8455.499877929688  0.2927857688040859   
  8465.499877929688  0.29299811253804375  
  8475.499877929688  0.2917915335623701   
  8485.499877929688  0.2915243550157968   
  8495.499877929688  0.29259174275694255  
  8505.499877929688  0.29355892201867545  
  8515.499877929688  0.29561412404787446  
  8525.499877929688  0.29513126817945257  
  8535.499877929688  0.2944032880525314   
  8545.499877929688  0.29383423897965627  
  8555.499877929688  0.2921579436828919   
  8565.499877929688  0.29200843648093905  
  8575.499877929688  0.2918891700786395   
  8585.499877929688  0.2927835003557939   
  8595.499877929688  0.29223811809014305  
  8605.499877929688  0.2934627750142189   
  8615.499877929688  0.29358062939535645  
  8625.499877929688  0.2920647268619447   
  8635.499877929688  0.2917415303155882   
  8645.499877929688  0.2937117990002677   
  8655.499877929688  0.294742172462563    
  8665.499877929688  0.29898495241683926  
  8675.499877929688  0.3006966657538561   
  8685.499877929688  0.3014553471549857   
  8695.499877929688  0.3034014348328863   
  8705.499877929688  0.30603344302476454  
  8715.499877929688  0.3048653794721772   
  8725.499877929688  0.3072964579558647   
  8735.499877929688  0.30753466497004056  
  8745.499877929688  0.307671529218947    
  8755.499877929688  0.3044421882894779   
  8765.499877929688  0.3036545959498563   
  8775.499877929688  0.30543515652904424  
  8785.499877929688  0.30380485997175044  
  8795.499877929688  0.3002465070311023   
  8805.499877929688  0.3026832694029921   
  8815.499877929688  0.30049676245344326  
  8825.499877929688  0.30064791783541317  
  8835.499877929688  0.29966665351201066  
  8845.499877929688  0.2999085277453327   
  8855.499877929688  0.29403928610414204  
  8865.499877929688  0.29077151950022634  
  8875.499877929688  0.2955487709404842   
  8885.499877929688  0.3021420649300167   
  8895.499877929688  0.3000284199792854   
  8905.499877929688  0.30133854540759425  
  8915.499877929688  0.30813808019694366  
  8925.499877929688  0.31081044034658184  
  8935.499877929688  0.3117660123692637   
  8945.499877929688  0.31279026501058727  
  8955.499877929688  0.3133140717750384   
  8965.499877929688  0.31202324650936464  
  8975.499877929688  0.31070351856777134  
  8985.499877929688  0.30936814448453587  
  8995.499877929688  0.30831254386740664  
  9005.499877929688  0.30725082671135684  
  9015.499877929688  0.3053395006890869   
  9025.499877929688  0.30422274347233     
  9035.499877929688  0.30165840900723556  
  9045.499877929688  0.29995703546924046  
  9055.499877929688  0.30040625059036746  
  9065.499877929688  0.29886196552264077  
  9075.499877929688  0.297654324244603    
  9085.499877929688  0.299153664633095    
  9095.499877929688  0.3001501874914911   
  9105.499877929688  0.30273786959775284  
  9115.499877929688  0.30475141744142126  
  9125.499877929688  0.30741875749235553  
  9135.499877929688  0.3114080823763954   
  9145.499877929688  0.3137836092046324   
  9155.499877929688  0.31699898664510395  
  9165.499877929688  0.3216425735381039   
  9175.499877929688  0.3230850023560428   
  9185.499877929688  0.3258243038250358   
  9195.499877929688  0.3265162262039629   
  9205.499877929688  0.32641418653933923  
  9215.499877929688  0.32739279634021795  
  9225.499877929688  0.3266620092703674   
  9235.499877929688  0.32594841878365677  
  9245.499877929688  0.32329419484614086  
  9255.499877929688  0.32259997864165757  
  9265.499877929688  0.32116058908635325  
  9275.499877929688  0.31920566264823674  
  9285.499877929688  0.31745841536615665  
  9295.499877929688  0.3170412046704121   
  9305.499877929688  0.3160776017858232   
  9315.499877929688  0.3158698482394131   
  9325.499877929688  0.3155618956736218   
  9335.499877929688  0.3149223515610554   
  9345.499877929688  0.3147184616448672   
  9355.499877929688  0.3141365212143814   
  9365.499877929688  0.3137436784366977   
  9375.499877929688  0.31392071162746943  
  9385.499877929688  0.3132791224677166   
  9395.499877929688  0.3137833882066243   
  9405.499877929688  0.31521885229253416  
  9415.499877929688  0.3159189826807001   
  9425.499877929688  0.3180982456831506   
  9435.499877929688  0.31989079491886063  
  9445.499877929688  0.32261965254846664  
  9455.499877929688  0.3240476228245888   
  9465.499877929688  0.3255364953047251   
  9475.499877929688  0.32498397603823165  
  9485.499877929688  0.3244636745178583   
  9495.49987792969   0.3241123864060781   
  9505.49987792969   0.3228224150043324   
  9515.49987792969   0.3230080649879392   
  9525.49987792969   0.3202885732294605   
  9535.49987792969   0.3197746292998229   
  9545.49987792969   0.3180033827214232   
  9555.49987792969   0.3171902760369506   
  9565.49987792969   0.3158311244179779   
  9575.49987792969   0.31448543856415667  
  9585.49987792969   0.3152028621409094   
  9595.49987792969   0.31599609264721495  
  9605.49987792969   0.3170598210506137   
  9615.49987792969   0.3185979945369522   
  9625.49987792969   0.3209504330499054   
  9635.49987792969   0.32334458732959137  
  9645.49987792969   0.3259481287926522   
  9655.499877929688  0.3277391918834279   
  9665.499877929688  0.32927698504128433  
  9675.499877929688  0.3306513459331177   
  9685.499877929688  0.33164412669443     
  9695.499877929688  0.33290747193140885  
  9705.499877929688  0.33181802466696364  
  9715.499877929688  0.3315547914917524   
  9725.499877929688  0.33098613258600845  
  9735.499877929688  0.3302267954709063   
  9745.499877929688  0.32786803367652245  
  9755.499877929688  0.3284185022222616   
  9765.499877929688  0.32587636239197476  
  9775.499877929688  0.3244309873887841   
  9785.499877929688  0.32258612803131875  
  9795.499877929688  0.32088115977294224  
  9805.499877929688  0.31857785450084464  
  9815.499877929688  0.3194009931852599   
  9825.499877929688  0.3199111298301266   
  9835.499877929688  0.3214336484770677   
  9845.499877929688  0.3235907792599587   
  9855.499877929688  0.3270511793163393   
  9865.499877929688  0.32871642881809887  
  9875.499877929688  0.33119243718556657  
  9885.499877929688  0.3323950540032372   
  9895.499877929688  0.33333057077111483  
  9905.499877929688  0.3332943399389331   
  9915.499877929688  0.3324320465267482   
  9925.499877929688  0.3321311530301179   
  9935.499877929688  0.3304825271988928   
  9945.499877929688  0.3291196264113964   
  9955.499877929688  0.32992579804530575  
  9965.499877929688  0.3290005348882867   
  9975.499877929688  0.3283698961000949   
  9985.499877929688  0.3256935337659374   
  9995.499877929688  0.3209792226698628   
  10005.49987792969  0.3101356677537312   
  10015.499877929688 0.2915127615211102   
  10025.49987792969  0.26251649292685825  
  10035.499877929688 0.22460394297849257  
  10045.49987792969  0.1861748043010433   
  10055.499877929688 0.15070529783929562  
  10065.49987792969  0.12407439697389057  
  10075.499877929688 0.10003801095954584  
  10085.49987792969  0.08289692061997088  
  10095.499877929688 0.06742270566690382  
  10105.49987792969  0.0574610121367236   
  10115.499877929688 0.04799013237313056  
  10125.49987792969  0.04182517803273611  
  10135.499877929688 0.035468241918616424 
  10145.49987792969  0.03125603887014749  
  10155.499877929688 0.026645748883161628 
  10165.49987792969  0.023561844014970752 
  10175.499877929688 0.01997400056653673  
  10185.49987792969  0.01681608028914811  
  10195.499877929688 0.013543446662011545 
  10205.49987792969  0.010478462162046108 
  10215.499877929688 0.007821725562183227 
  10225.49987792969  0.005647159274012516 
  10235.499877929688 0.004172304252100672 
  10245.50048828125  0.002928099623105308 
  10255.50048828125  0.002075982390762613 
  10265.50048828125  0.001453923334363281 
  10275.50048828125  0.00104252554754127  
  10285.50048828125  7.567789700609194E-4 
  10295.50048828125  5.409321114178423E-4 
  10305.50048828125  4.1482096816204943E-4
  10315.50048828125  3.069504659382329E-4 
  10325.50048828125  2.3254417699277455E-4
  10335.50048828125  1.7615404193299124E-4
