  16600.0            0.20206593079387367
  16628.278156312623 0.2066630387384496 
  16656.55631262525  0.2129110398915446 
  16684.834468937875 0.21432955631215284
  16713.1126252505   0.2157640854034999 
  16741.390781563125 0.21676747385443332
  16769.66893787575  0.21724539146473612
  16797.947094188377 0.21770984709828406
  16826.225250501    0.217082749515457  
  16854.503406813626 0.21634926046994207
  16882.781563126253 0.21546688948086787
  16911.059719438876 0.21493157609990274
  16939.337875751502 0.21464373587127245
  16967.61603206413  0.21456847767001092
  16995.89418837675  0.21501691478300308
  17024.172344689377 0.21600285722092072
  17052.450501002004 0.21720119575756908
  17080.728657314627 0.21860468742467568
  17109.006813627253 0.22002973294717684
  17137.28496993988  0.22228935271488415
  17165.563126252502 0.22463270273917343
  17193.84128256513  0.22714547174492847
  17222.119438877755 0.2297120174520126 
  17250.39759519038  0.23282206719837015
  17278.675751503004 0.23609118035462062
  17306.95390781563  0.23936139859245067
  17335.232064128257 0.24294682348394742
  17363.51022044088  0.24711015741235484
  17391.788376753506 0.2512934354967663 
  17420.066533066132 0.25449284770875613
  17448.344689378755 0.2575323773076319 
  17476.62284569138  0.2605966229446822 
  17504.901002004008 0.263630547616134  
  17533.17915831663  0.266374532616279  
  17561.457314629257 0.2689567936728176 
  17589.735470941883 0.2715390644531156 
  17618.013627254506 0.2737931053690663 
  17646.291783567132 0.2756986581210239 
  17674.56993987976  0.277017731943332  
  17702.848096192385 0.27834400562737344
  17731.126252505008 0.27914910836312967
  17759.404408817634 0.27984075902542715
  17787.68256513026  0.2805006398206439 
  17815.960721442883 0.28108494076571144
  17844.23887775551  0.2816828087682845 
  17872.517034068136 0.28152143505119853
  17900.79519038076  0.2811906482012617 
  17929.073346693385 0.28147120306362683
  17957.35150300601  0.28175173054318686
  17985.629659318634 0.2820337872129553 
  18013.907815631264 0.28113121354563797
  18042.185971943887 0.2790565043332631 
  18070.46412825651  0.2776016231366541 
  18098.74228456914  0.27614586988913853
  18127.020440881763 0.27493367034500843
  18155.298597194385 0.27396513373499465
  18183.576753507015 0.272983725462482  
  18211.854909819638 0.272078191706866  
  18240.13306613226  0.27170353949075426
  18268.41122244489  0.271312745219629  
  18296.689378757514 0.2713150197366087 
  18324.96753507014  0.27165927606728846
  18353.245691382766 0.2717436298411592 
  18381.52384769539  0.27181702161763777
  18409.802004008016 0.2719042906772201 
  18438.080160320642 0.2723152924486817 
  18466.35831663327  0.27301953351978225
  18494.63647294589  0.2737164365518691 
  18522.914629258517 0.2765223422172743 
  18551.192785571144 0.27998087355416046
  18579.470941883766 0.28394861852416897
  18607.749098196393 0.2875765315675345 
  18636.02725450902  0.29050600572024377
  18664.305410821642 0.2936151043502636 
  18692.58356713427  0.29675207134480214
  18720.861723446895 0.2999717998058469 
  18749.139879759517 0.30305543035467764
  18777.418036072144 0.30591604250269877
  18805.69619238477  0.3084759087470227 
  18833.974348697393 0.3111049123295704 
  18862.25250501002  0.3136193065620442 
  18890.530661322646 0.3158769421694107 
  18918.80881763527  0.3181742134988907 
  18947.086973947895 0.3204262490662892 
  18975.36513026052  0.32265993366328427
  19003.643286573144 0.3248296169816144 
  19031.92144288577  0.32645788306930695
  19060.199599198397 0.3279538737292781 
  19088.477755511023 0.32944321089757483
  19116.755911823646 0.3308865777362205 
  19145.034068136272 0.3323160695858962 
  19173.3122244489   0.3338075105459719 
  19201.59038076152  0.33539847980505394
  19229.868537074148 0.3369773108305134 
  19258.146693386774 0.338751602334968  
  19286.424849699397 0.3405551563499094 
  19314.703006012023 0.3424246749154361 
  19342.98116232465  0.34443966970764484
  19371.259318637272 0.34658804971733   
  19399.5374749499   0.3487610712538806 
  19427.815631262525 0.3511252480363322 
  19456.093787575148 0.3535037916390474 
  19484.371943887774 0.35592822525196527
  19512.6501002004   0.357980774893901  
  19540.928256513027 0.35952261665970636
  19569.20641282565  0.36105475565775585
  19597.484569138276 0.36282947593456316
  19625.762725450903 0.36461334172526183
  19654.040881763525 0.36646974858204245
  19682.31903807615  0.3681822332028357 
  19710.597194388778 0.36966446030707506
  19738.8753507014   0.3710697600599649 
  19767.153507014027 0.37252781293108966
  19795.431663326654 0.3738758865950336 
  19823.709819639276 0.3750764488449782 
  19851.987975951903 0.3762832625210295 
  19880.26613226453  0.3774667877179466 
  19908.54428857715  0.3786644296568889 
  19936.822444889778 0.3798553696951578 
  19965.100601202405 0.3809537316378365 
  19993.37875751503  0.38162077933285043
  20021.656913827654 0.3821847282796395 
  20049.93507014028  0.3827811650633979 
  20078.213226452903 0.3833754343386628 
  20106.49138276553  0.383985095054178  
  20134.769539078156 0.3845677111212251 
  20163.047695390782 0.3852521402392685 
  20191.325851703405 0.3859941874196479 
  20219.60400801603  0.3867618610535276 
  20247.882164328654 0.3875120485919217 
  20276.160320641284 0.38823635971784193
  20304.438476953907 0.3890682678355583 
  20332.716633266533 0.38997887474378296
  20360.994789579156 0.39085167585867725
  20389.272945891782 0.39169509830121363
  20417.55110220441  0.39269565312441435
  20445.829258517035 0.39386519245997864
  20474.107414829658 0.39503636779760176
  20502.385571142284 0.3961970310831734 
  20530.663727454907 0.39715874033401893
  20558.941883767537 0.39803884148841917
  20587.22004008016  0.39891755204592255
  20615.498196392786 0.3997585205738225 
  20643.77635270541  0.4005390134323537 
  20672.054509018035 0.40141049470086737
  20700.332665330658 0.4023673035401535 
  20728.610821643288 0.40339021705762285
  20756.88897795591  0.4043078731513152 
  20785.167134268537 0.405058685392983  
  20813.44529058116  0.40585274241546443
  20841.723446893786 0.4066949642675249 
  20870.00160320641  0.4075313814286121 
  20898.27975951904  0.4080919909230503 
  20926.55791583166  0.4085649832472815 
  20954.836072144288 0.4090240772305509 
  20983.11422845691  0.4094031209691736 
  21011.392384769537 0.40975696873993467
  21039.670541082163 0.4099286642677592 
  21067.94869739479  0.40994153767535313
  21096.226853707412 0.4099319991200712 
  21124.50501002004  0.4099430844134286 
  21152.78316633266  0.4098533946319968 
  21181.06132264529  0.40951598358878805
  21209.339478957914 0.4091564839741758 
  21237.61763527054  0.40875294940217943
  21265.895791583163 0.40829423693862   
  21294.17394789579  0.40782799614891885
  21322.45210420842  0.40742427846524576
  21350.730260521043 0.40706324311954456
  21379.008416833665 0.4065709048364781 
  21407.28657314629  0.40603709133561783
  21435.564729458914 0.40547526984382304
  21463.84288577154  0.4049564746109115 
  21492.12104208417  0.4045713735027311 
  21520.399198396794 0.4040306519812589 
  21548.677354709416 0.40342966636748   
  21576.955511022043 0.40335777229891284
  21605.233667334665 0.4033014352900923 
  21633.51182364729  0.4032905543671575 
  21661.78997995992  0.40333278504535086
  21690.068136272545 0.40347263934126903
  21718.346292585167 0.4036323307472056 
  21746.624448897794 0.4039290598765905 
  21774.902605210416 0.40422535796743814
  21803.180761523046 0.4045349959441608 
  21831.458917835673 0.40481381168129665
  21859.737074148296 0.4052447391554456 
  21888.01523046092  0.4057059023278367 
  21916.293386773545 0.40620573685323375
  21944.571543086175 0.4069305534748491 
  21972.849699398797 0.4078732083707872 
  22001.127855711424 0.4088242148539933 
  22029.406012024047 0.4097477074967973 
  22057.68416833667  0.41099683713995044
  22085.9623246493   0.4122124481854505 
  22114.240480961926 0.4133189050457051 
  22142.51863727455  0.41435780824610735
  22170.796793587175 0.41538121918987075
  22199.074949899798 0.4163794565685619 
  22227.353106212428 0.41760282259430476
  22255.631262525047 0.4189916302865478 
  22283.909418837677 0.42040021658329063
  22312.1875751503   0.4216902128805398 
  22340.465731462926 0.4229583319105906 
  22368.74388777555  0.42422520283072096
  22397.02204408817  0.4253775088903005 
  22425.3002004008   0.42636365859695996
  22453.578356713428 0.4273587737801491 
  22481.85651302605  0.42834860577809825
  22510.134669338677 0.42916042347840144
  22538.4128256513   0.4299704421872729 
  22566.69098196393  0.4308054688027601 
  22594.969138276552 0.4314088158466373 
  22623.24729458918  0.4319257181981604 
  22651.5254509018   0.4324453950343808 
  22679.803607214428 0.43294241853853743
  22708.081763527054 0.4333299986941122 
  22736.35991983968  0.43353745664264215
  22764.638076152303 0.4337396074489749 
  22792.91623246493  0.43393944327148765
  22821.194388777552 0.4341823255243182 
  22849.472545090182 0.4342802313289474 
  22877.750701402805 0.43414609238521396
  22906.02885771543  0.4339924931788444 
  22934.307014028054 0.4337714154159526 
  22962.58517034068  0.4335560260413782 
  22990.863326653307 0.433272197802229  
  23019.14148296593  0.43287362678821595
  23047.419639278556 0.4324504547600571 
  23075.697795591183 0.43186126264733676
  23103.975951903805 0.43119578883792664
  23132.25410821643  0.4304483391361693 
  23160.532264529054 0.4298649384214129 
  23188.810420841684 0.42952241748180064
  23217.088577154307 0.4290767554670714 
  23245.366733466934 0.42853956829701256
  23273.644889779556 0.428015994207426  
  23301.923046092183 0.42759723780139897
  23330.20120240481  0.427314302926315  
  23358.479358717435 0.4270603864544809 
  23386.757515030058 0.42672998425371966
  23415.035671342685 0.426380750575823  
  23443.313827655307 0.4261771056968735 
  23471.591983967937 0.42599046051552764
  23499.87014028056  0.42583689406208614
  23528.148296593186 0.42569885011551917
  23556.42645290581  0.425646149545453  
  23584.704609218436 0.42558336563744126
  23612.982765531062 0.42553247709146674
  23641.26092184369  0.4254630407394123 
  23669.53907815631  0.42535899116531584
  23697.817234468937 0.4254131332971447 
  23726.09539078156  0.4254185692209332 
  23754.37354709419  0.42541816298698343
  23782.651703406813 0.4254879516035397 
  23810.92985971944  0.4255700041853847 
  23839.208016032062 0.4256704617388465 
  23867.48617234469  0.42579376546181086
  23895.76432865731  0.42596531326265025
  23924.042484969938 0.4262082663253366 
  23952.320641282564 0.4264805615954991 
  23980.59879759519  0.4267411307732941 
  24008.876953907813 0.4269829022183788 
  24037.15511022044  0.42713999885197024
  24065.433266533062 0.4273604721178539 
  24093.711422845692 0.4275772204494473 
  24121.989579158315 0.42783265261692216
  24150.26773547094  0.42808631901398553
  24178.545891783564 0.42831372279742297
  24206.82404809619  0.4285384490857878 
  24235.102204408817 0.42881099369126885
  24263.380360721443 0.42910081995120125
  24291.658517034066 0.42941051583277545
  24319.936673346692 0.4297819757840437 
  24348.214829659315 0.43014207603719534
  24376.492985971945 0.43051073458391076
  24404.771142284568 0.43088795819767367
  24433.049298597194 0.43128844779901004
  24461.327454909817 0.4316956166856819 
  24489.605611222443 0.43207360300752223
  24517.88376753507  0.4326501576603643 
  24546.161923847696 0.4333217528734108 
  24574.44008016032  0.43395594295720247
  24602.718236472945 0.43467510416368993
  24630.996392785568 0.4352668328023842 
  24659.274549098198 0.4358482800493971 
  24687.552705410817 0.4364289846534129 
  24715.830861723447 0.43712472198170094
  24744.10901803607  0.43779054698991365
  24772.387174348696 0.4384335706190225 
  24800.66533066132  0.4390758129372874 
  24828.943486973945 0.4396261546160797 
  24857.22164328657  0.44017382973504005
  24885.499799599198 0.4406860810857442 
  24913.77795591182  0.44114147563584916
  24942.056112224447 0.4415418680611443 
  24970.33426853707  0.44190674357539966
  24998.6124248497   0.44219356074349414
  25026.890581162323 0.441923650547439  
  25055.16873747495  0.4416716554518664 
  25083.44689378757  0.4414186797743994 
  25111.725050100198 0.4411815346120298 
  25140.003206412828 0.44096846670047174
  25168.28136272545  0.440754017277679  
  25196.559519038074 0.4405368468906184 
  25224.8376753507   0.4403631471793819 
  25253.115831663323 0.44019174867641164
  25281.393987975953 0.44001822996246703
  25309.67214428858  0.4398764016284843 
  25337.950300601202 0.4397984593105345 
  25366.228456913825 0.43971860860273304
  25394.50661322645  0.43964572692468384
  25422.78476953908  0.43954608210211166
  25451.0629258517   0.4394283815103096 
  25479.34108216433  0.43930986897795665
  25507.619238476953 0.43919436303284654
  25535.897394789576 0.439088003528441  
  25564.175551102202 0.4389807411848191 
  25592.453707414825 0.4388701142472293 
  25620.731863727455 0.4387211049881855 
  25649.01002004008  0.4385425617720265 
  25677.288176352704 0.4383631693310779 
  25705.566332665327 0.43817885819929764
  25733.844488977953 0.4379850276394263 
  25762.122645290583 0.437790438361929  
  25790.400801603206 0.4375937406422375 
  25818.678957915832 0.43739485111899057
  25846.957114228455 0.43717835720139636
  25875.235270541078 0.436872019978149  
  25903.513426853708 0.4365656322442456 
  25931.791583166334 0.43626118416271015
  25960.069739478957 0.4359566484350627 
  25988.347895791583 0.4356413340711069 
  26016.626052104206 0.4352323012821954 
  26044.904208416836 0.43481145603828464
  26073.18236472946  0.43438932928418755
  26101.460521042085 0.4339662590810638 
  26129.738677354708 0.4335277350603984 
  26158.016833667334 0.4329208885485233 
  26186.29498997996  0.4322996509780828 
  26214.57314629258  0.43167040690951025
  26242.85130260521  0.431004138054603  
  26271.129458917836 0.4302975136533163 
  26299.40761523046  0.429597729051012  
  26327.685771543085 0.4288795344803123 
  26355.963927855708 0.4281724756035175 
  26384.242084168338 0.4274738459677838 
  26412.52024048096  0.42651606583494805
  26440.798396793587 0.42548798839705615
  26469.07655310621  0.42446782116894627
  26497.354709418836 0.4235462412709115 
  26525.632865731463 0.42271893908535013
  26553.91102204409  0.4218829081290435 
  26582.18917835671  0.42100835385593594
  26610.467334669338 0.41995055167645096
  26638.74549098196  0.41822505324136694
  26667.02364729459  0.4165030609132418 
  26695.30180360721  0.4135176807397858 
  26723.57995991984  0.41102708379901   
  26751.858116232463 0.40891489767196393
  26780.13627254509  0.4076088067456211 
  26808.414428857715 0.40629498720630675
  26836.692585170338 0.4046732453886798 
  26864.970741482965 0.40285498748680787
  26893.24889779559  0.40100822364016864
  26921.527054108214 0.39878255919138034
  26949.805210420844 0.39653761247114144
  26978.083366733463 0.39433493465500097
  27006.361523046093 0.3923558577569816 
  27034.639679358716 0.3910761285968645 
  27062.917835671342 0.38988856002573824
  27091.19599198397  0.3890610574839533 
  27119.47414829659  0.3881467084687469 
  27147.752304609217 0.3873038848595392 
  27176.030460921844 0.38651143320371995
  27204.308617234467 0.3857774393278015 
  27232.586773547097 0.3853652447813195 
  27260.864929859716 0.38493889715599616
  27289.143086172346 0.3845127352864676 
  27317.42124248497  0.3844172166772101 
  27345.699398797595 0.38441697038661077
  27373.977555110218 0.3844176805670355 
  27402.255711422844 0.38451569934436974
  27430.53386773547  0.38472822010574304
  27458.812024048093 0.3849444927369381 
  27487.09018036072  0.3851709026103041 
  27515.368336673346 0.38503353753276853
  27543.64649298597  0.38444891764011196
  27571.9246492986   0.3838547999089806 
  27600.202805611218 0.38325801391473446
  27628.480961923848 0.38272798550835463
  27656.75911823647  0.38227983806679827
  27685.037274549097 0.3818366792749132 
  27713.315430861723 0.38134407270138804
  27741.593587174346 0.38078186952207893
  27769.871743486972 0.3802178553193297 
  27798.1498997996   0.3798810124718982 
  27826.42805611222  0.37968057458933735
  27854.70621242485  0.3794902522303728 
  27882.98436873747  0.37929690501845104
  27911.2625250501   0.37908040269559773
  27939.540681362723 0.37878270763243743
  27967.81883767535  0.37849189233566916
  27996.096993987976 0.37820632389993264
  28024.3751503006   0.3779637719652481 
  28052.653306613225 0.3777245488790755 
  28080.93146292585  0.37748795132800983
  28109.209619238474 0.37738126058873167
  28137.4877755511   0.37729377379454887
  28165.765931863723 0.377200599161092  
  28194.044088176353 0.3770993598453405 
  28222.322244488976 0.37697725738983934
  28250.600400801603 0.37683687830271995
  28278.878557114225 0.37667996506230433
  28307.15671342685  0.3764731297962852 
  28335.434869739478 0.3762748943347583 
  28363.7130260521   0.37607956536876114
  28391.991182364727 0.37588226908833805
  28420.269338677354 0.37567527015681124
  28448.547494989976 0.37543839828138975
  28476.825651302606 0.37520888097449834
  28505.103807615225 0.3749863261407182 
  28533.381963927855 0.37478831381527256
  28561.660120240478 0.3745935395977589 
  28589.938276553105 0.37439911495947675
  28618.216432865735 0.3742431084261226 
  28646.494589178354 0.37405040124775324
  28674.77274549098  0.3738149667603103 
  28703.050901803606 0.37357839100772317
  28731.32905811623  0.37332951771079925
  28759.60721442886  0.3730789258562664 
  28787.88537074148  0.3728026600629204 
  28816.16352705411  0.372516851112951  
  28844.44168336673  0.37222803610376853
  28872.719839679357 0.3719353710163895 
  28900.99799599198  0.371612481763927  
  28929.276152304607 0.37131028184547565
  28957.554308617237 0.3710349005532765 
  28985.83246492986  0.3707610332150984 
  29014.110621242482 0.37051898717993126
  29042.38877755511  0.3703004158886464 
  29070.66693386773  0.3700819327245237 
  29098.94509018036  0.36986189707392625
  29127.22324649298  0.3696412083326627 
  29155.50140280561  0.36941511190563414
  29183.779559118233 0.3691851808172691 
  29212.05771543086  0.3689466370974393 
  29240.33587174349  0.36869757147217136
  29268.61402805611  0.36844199001395506
  29296.89218436874  0.3681792599752782 
  29325.17034068136  0.3679120793618172 
  29353.448496993984 0.3676441175924403 
  29381.726653306614 0.3673782052415133 
  29410.004809619233 0.36706874136623846
  29438.282965931863 0.3667386886368907 
  29466.56112224449  0.36641451561386007
  29494.839278557112 0.3661059230583853 
  29523.117434869742 0.3658415625107323 
  29551.39559118236  0.36559716309159   
  29579.67374749499  0.3653561959988297 
  29607.951903807614 0.3651317402968445 
  29636.23006012024  0.3649052051720407 
  29664.508216432863 0.36469129802666683
  29692.786372745486 0.36449063559246103
  29721.064529058116 0.36424773371607966
  29749.342685370742 0.3639922616858255 
  29777.620841683365 0.36372741718491797
  29805.89899799599  0.36346623309217313
  29834.177154308614 0.3632102019187346 
  29862.455310621244 0.36295234571346197
  29890.733466933863 0.36268013290519513
  29919.011623246493 0.3623445439572472 
  29947.289779559116 0.36198358611508336
  29975.567935871743 0.3616242341372515 
  30003.84609218437  0.3612728639991424 
  30032.124248496988 0.3609285493898096 
  30060.402404809618 0.360599462414507  
  30088.680561122244 0.3602668257616066 
  30116.958717434867 0.3599166544843899 
  30145.236873747497 0.3595596708966276 
  30173.515030060116 0.3592029999535008 
  30201.793186372746 0.3588506599027531 
  30230.07134268537  0.3584949301876777 
  30258.349498997995 0.35814132028777945
  30286.62765531062  0.3577901400142102 
  30314.905811623245 0.3574195483556101 
  30343.18396793587  0.3570257697141043 
  30371.462124248497 0.3566270673091755 
  30399.74028056112  0.3562257689413646 
  30428.018436873746 0.35584802973881013
  30456.29659318637  0.35547034463023097
  30484.574749499    0.35509724317761693
  30512.852905811622 0.354716784958969  
  30541.13106212425  0.3543143222798556 
  30569.40921843687  0.35389033228631034
  30597.687374749497 0.35338917097319666
  30625.965531062124 0.3529121732102649 
  30654.243687374747 0.3524484780042435 
  30682.521843687373 0.3519865748783294 
  30710.8            0.3515158797653515 
