  28700.0            0.29931802346566355
  28746.237274549097 0.30756234096671836
  28792.4745490982   0.31584271757013593
  28838.711823647296 0.3241599276262695 
  28884.949098196394 0.33254359668877165
  28931.18637274549  0.3410252060505446 
  28977.423647294592 0.3502037336136503 
  29023.66092184369  0.3591097442646381 
  29069.898196392784 0.36770037357489754
  29116.135470941885 0.37633227840824973
  29162.372745490982 0.3818915026319901 
  29208.61002004008  0.386852898390873  
  29254.84729458918  0.3918102155115119 
  29301.08456913828  0.3967665429951758 
  29347.321843687376 0.40173229392789667
  29393.559118236473 0.4065870458933114 
  29439.796392785574 0.4115151940094961 
  29486.033667334672 0.4164997062932025 
  29532.270941883766 0.42228828758143366
  29578.508216432867 0.42787685143293736
  29624.745490981964 0.43346457603427   
  29670.982765531062 0.43910519295245953
  29717.220040080163 0.44474951948062835
  29763.45731462926  0.4493201290350618 
  29809.694589178358 0.45359652656953   
  29855.931863727455 0.4579100375235716 
  29902.169138276557 0.46204821573282323
  29948.40641282565  0.4658356395456246 
  29994.643687374748 0.4696441356095031 
  30040.88096192385  0.4716988844421949 
  30087.118236472947 0.47336849593513836
  30133.355511022044 0.4749974153760949 
  30179.592785571145 0.4763741712458168 
  30225.830060120243 0.4777103056330927 
  30272.06733466934  0.47905122261338645
  30318.304609218438 0.4804185535140384 
  30364.54188376754  0.481809204467997  
  30410.779158316633 0.482876587690701  
  30457.01643286573  0.48398723745221256
  30503.25370741483  0.4852402271682083 
  30549.49098196393  0.4882731101509617 
  30595.728256513026 0.4913843469652618 
  30641.965531062127 0.4945591510650174 
  30688.202805611225 0.49777076273114623
  30734.440080160322 0.5009522735680852 
  30780.67735470942  0.5041363509884638 
  30826.91462925852  0.5073705177897316 
  30873.151903807615 0.5106932267364783 
  30919.389178356712 0.5140522097374707 
  30965.626452905813 0.5174237181161881 
  31011.86372745491  0.5205324554077908 
  31058.10100200401  0.5229552819581549 
  31104.33827655311  0.5254805971943646 
  31150.575551102207 0.5280512018824534 
  31196.812825651305 0.5306387795716615 
  31243.0501002004   0.5332578585131963 
  31289.287374749503 0.5357700097420058 
  31335.524649298597 0.5381796115898719 
  31381.761923847695 0.540564281697955  
  31427.999198396796 0.542983928810633  
  31474.236472945893 0.5454305639800803 
  31520.47374749499  0.5477449928689291 
  31566.711022044088 0.549913781980158  
  31612.94829659319  0.5521112531765975 
  31659.185571142287 0.5543480131160429 
  31705.42284569138  0.5566053116485341 
  31751.66012024048  0.5588856972300174 
  31797.89739478958  0.5610602980716365 
  31844.134669338677 0.5631417684618171 
  31890.371943887778 0.5651989433250862 
  31936.609218436875 0.5672500238193149 
  31982.846492985973 0.5692811531572215 
  32029.083767535074 0.5710788738708377 
  32075.32104208417  0.572496412938006  
  32121.55831663327  0.5739021469258508 
  32167.795591182363 0.5753013658122851 
  32214.032865731464 0.5767491400771796 
  32260.27014028056  0.5781486672251901 
  32306.50741482966  0.5794892358061117 
  32352.74468937876  0.580894666387693  
  32398.981963927858 0.5823053101588014 
  32445.219238476955 0.583676261682932  
  32491.456513026053 0.5849002949564908 
  32537.693787575154 0.5852574739512848 
  32583.93106212425  0.5854294643806058 
  32630.168336673345 0.5855546504526784 
  32676.405611222446 0.5856628538227849 
  32722.642885771544 0.5858256225218305 
  32768.880160320645 0.5860268000249327 
  32815.117434869746 0.5861534252021018 
  32861.35470941884  0.5862508032286701 
  32907.59198396793  0.5863438958572054 
  32953.829258517035 0.5864412067421029 
  33000.066533066136 0.5865499347416923 
  33046.30380761523  0.5878902622086974 
  33092.54108216433  0.5892392996725165 
  33138.77835671343  0.5905630013000965 
  33185.015631262526 0.5918617038213156 
  33231.25290581163  0.5931959483353667 
  33277.49018036073  0.594560110635149  
  33323.72745490982  0.5959053019920508 
  33369.964729458916 0.5972220275434382 
  33416.20200400802  0.5985385739175381 
  33462.43927855712  0.5999376852845687 
  33508.67655310621  0.6013079608114541 
  33554.91382765531  0.6019539895819797 
  33601.151102204414 0.6026023925254473 
  33647.38837675351  0.603237202881652  
  33693.62565130261  0.603828872073819  
  33739.86292585171  0.604386513382431  
  33786.100200400804 0.604930397950863  
  33832.3374749499   0.6054618013399922 
  33878.574749499    0.6059835108144823 
  33924.8120240481   0.6065175481788677 
  33971.049298597194 0.6071707558820784 
  34017.286573146295 0.6081262471340552 
  34063.5238476954   0.6095727361077209 
  34109.76112224449  0.6110139716630263 
  34155.998396793584 0.6124337903216907 
  34202.235671342685 0.6138287891353372 
  34248.47294589179  0.6151457277033802 
  34294.71022044088  0.6164658519133903 
  34340.94749498998  0.6178816689056678 
  34387.18476953908  0.6194357609957688 
  34433.422044088176 0.6209903466386617 
  34479.65931863728  0.6225797560653564 
  34525.89659318638  0.623865801226011  
  34572.13386773547  0.6248852062465132 
  34618.371142284566 0.6258540306740109 
  34664.60841683367  0.6267548893304237 
  34710.84569138277  0.6276379577251602 
  34757.08296593186  0.6285134656081606 
  34803.32024048096  0.6293516148056367 
  34849.557515030065 0.6301337775335524 
  34895.79478957916  0.630938471915824  
  34942.03206412826  0.6317923527475818 
  34988.26933867736  0.6326741251903134 
  35034.506613226455 0.6333265103454655 
  35080.74388777555  0.633878482327974  
  35126.98116232465  0.634382081380666  
  35173.21843687375  0.6348635109628148 
  35219.455711422845 0.6353371478272405 
  35265.692985971946 0.6358016775294332 
  35311.93026052105  0.6362477624728783 
  35358.16753507014  0.6366966890304417 
  35404.40480961924  0.6371767295003657 
  35450.64208416834  0.6375834338415263 
  35496.87935871744  0.6379575938001466 
  35543.11663326653  0.6382655676993118 
  35589.35390781563  0.6385736058710176 
  35635.59118236473  0.6388915209768686 
  35681.82845691383  0.6392085153582736 
  35728.06573146293  0.6395116632104461 
  35774.30300601203  0.6398054565824819 
  35820.54028056112  0.6400881020220989 
  35866.777555110224 0.6403693176484724 
  35913.01482965932  0.6406394571456259 
  35959.25210420842  0.6408742411194246 
  36005.48937875751  0.6410960566567627 
  36051.726653306614 0.6412246996740517 
  36097.963927855715 0.6413910976287946 
  36144.20120240481  0.6416244614849657 
  36190.43847695391  0.6418646922219583 
  36236.67575150301  0.6420747500297586 
  36282.913026052105 0.6422740758603992 
  36329.150300601206 0.6424886524270781 
  36375.38757515031  0.6426994722749682 
  36421.6248496994   0.6428747607795212 
  36467.862124248495 0.6430418249438408 
  36514.099398797596 0.6432041199070454 
  36560.3366733467   0.6433293397869922 
  36606.57394789579  0.643451794905361  
  36652.81122244489  0.6435874432500144 
  36699.04849699399  0.6438399828982297 
  36745.28577154309  0.6441263739008659 
  36791.52304609219  0.644424888515463  
  36837.76032064128  0.6446959571531867 
  36883.99759519038  0.6449220949348535 
  36930.23486973948  0.6451096775408866 
  36976.47214428858  0.6452707187247974 
  37022.70941883768  0.6454227123999469 
  37068.94669338677  0.6456495657838185 
  37115.183967935875 0.6458658263256077 
  37161.421242484976 0.6460368802227645 
  37207.65851703407  0.6461834521051812 
  37253.89579158316  0.6463259424983693 
  37300.13306613227  0.6464719091734934 
  37346.370340681366 0.6466412776574735 
  37392.60761523046  0.6468118536061116 
  37438.84488977956  0.6469323731993274 
  37485.08216432866  0.6470463819629092 
  37531.319438877756 0.6469935006002607 
  37577.55671342686  0.6468840334342453 
  37623.79398797596  0.6468094624307852 
  37670.03126252505  0.6467615628813258 
  37716.268537074146 0.6467076369984599 
  37762.50581162325  0.6466104999592739 
  37808.74308617235  0.6465203323700266 
  37854.98036072144  0.6464747142153875 
  37901.21763527054  0.6464508754593344 
  37947.454909819644 0.6464412530752511 
  37993.69218436874  0.6463690779180443 
  38039.92945891784  0.6466497962056871 
  38086.16673346694  0.6469982099715572 
  38132.404008016034 0.6473341999292044 
  38178.64128256513  0.6476752638573099 
  38224.87855711423  0.6480512288626303 
  38271.11583166333  0.6484603711842689 
  38317.353106212424 0.6488513110268819 
  38363.590380761525 0.6492331805588264 
  38409.827655310626 0.6494831925658454 
  38456.06492985972  0.6496447619612338 
  38502.30220440882  0.649769619933099  
  38548.53947895792  0.6495923991165107 
  38594.776753507016 0.6494200413434134 
  38641.01402805611  0.6492680046964736 
  38687.25130260521  0.6491193260360996 
  38733.48857715431  0.6489615132132291 
  38779.725851703406 0.648808050881508  
  38825.96312625251  0.6487154810159804 
  38872.20040080161  0.6486165303308498 
  38918.4376753507   0.6484809437462592 
  38964.6749498998   0.6482500869346595 
  39010.912224448904 0.6478157762940506 
  39057.149498998    0.6472530206214272 
  39103.38677354709  0.6466490758952398 
  39149.62404809619  0.6460448460759943 
  39195.861322645294 0.6454470433503098 
  39242.09859719439  0.6448563969730344 
  39288.33587174349  0.6442657120845783 
  39334.57314629258  0.643651858622104  
  39380.810420841684 0.6430478392603345 
  39427.047695390786 0.6423643945628179 
  39473.28496993988  0.6416499716199261 
  39519.52224448898  0.6408870476711019 
  39565.759519038074 0.6400995931025882 
  39611.996793587175 0.6393725233079669 
  39658.23406813628  0.6386982221119484 
  39704.47134268537  0.6380285572074639 
  39750.70861723447  0.6373623348347345 
  39796.94589178357  0.6366969387022312 
  39843.18316633267  0.6359737200527357 
  39889.42044088177  0.6352422128962818 
  39935.65771543087  0.6345151163387176 
  39981.89498997996  0.6338005387817744 
  40028.13226452906  0.6330619730052639 
  40074.36953907816  0.6323071074492651 
  40120.60681362726  0.6315490556562402 
  40166.84408817635  0.6306741457361281 
  40213.081362725454 0.6297814039794303 
  40259.31863727455  0.6288996596259521 
  40305.55591182365  0.6280221904287916 
  40351.79318637275  0.6271314832401916 
  40398.030460921844 0.6262556976179362 
  40444.267735470945 0.6253860481051174 
  40490.50501002004  0.6245059756306687 
  40536.74228456914  0.6236073785055769 
  40582.97955911824  0.622702072134752  
  40629.216833667335 0.6217809726942575 
  40675.454108216436 0.6208567151260725 
  40721.69138276554  0.6199312743760395 
  40767.928657314624 0.6190072700983938 
  40814.165931863725 0.6180860816905012 
  40860.40320641283  0.617174144267162  
  40906.64048096192  0.6162882127933991 
  40952.87775551102  0.6153929502438373 
  40999.11503006012  0.61456539324846   
  41045.352304609216 0.6137301838293188 
  41091.58957915832  0.6128950958049093 
  41137.82685370742  0.6120146144213497 
  41184.06412825651  0.6111054916651643 
  41230.30140280561  0.6102098579684044 
  41276.538677354714 0.6093306267827064 
  41322.77595190381  0.6084468035628332 
  41369.01322645291  0.6075514907559196 
  41415.25050100201  0.6067411657045731 
  41461.487775551104 0.605910202996462  
  41507.725050100205 0.6051078245452008 
  41553.96232464931  0.6043087634110964 
  41600.1995991984   0.6035409297909472 
  41646.4368737475   0.6029353058486688 
  41692.6741482966   0.6023419415991881 
  41738.91142284569  0.601774024568881  
  41785.14869739479  0.6012332672801837 
  41831.3859719439   0.6008717134912004 
  41877.623246492985 0.6004997597120371 
  41923.86052104209  0.600110052557121  
  41970.09779559119  0.5997059761395713 
  42016.33507014028  0.5993809268092606 
  42062.57234468938  0.5990558020848609 
  42108.80961923848  0.5987810323958086 
  42155.04689378758  0.5986245352707785 
  42201.28416833668  0.5983383930560935 
  42247.52144288577  0.5973891206261835 
  42293.758717434874 0.5964386707563751 
  42339.99599198397  0.5954435727486921 
  42386.23326653307  0.5943762829603569 
  42432.47054108217  0.5935412300239616 
  42478.707815631264 0.5932255221062903 
  42524.945090180365 0.5927233047978796 
  42571.182364729466 0.5917711501407397 
  42617.41963927855  0.5908476801435262 
  42663.65691382765  0.5899612726416342 
  42709.894188376755 0.5891815720038809 
  42756.13146292585  0.5890032177725538 
  42802.36873747495  0.5888283200839336 
  42848.60601202405  0.5886238385399303 
  42894.843286573145 0.5880842416549071 
  42941.080561122246 0.5874045430371158 
  42987.31783567135  0.5867267834033502 
  43033.55511022044  0.5862999105978539 
  43079.79238476954  0.5859675610390074 
  43126.02965931864  0.5856237102673921 
  43172.26693386774  0.5852699286729783 
  43218.50420841684  0.5848610415747865 
  43264.74148296594  0.5844698623632084 
  43310.97875751503  0.5840622286548629 
  43357.216032064134 0.5836243962914837 
  43403.453306613235 0.5831919725556383 
  43449.69058116233  0.5827634246206183 
  43495.92785571143  0.5823569201216746 
  43542.16513026053  0.581578278316899  
  43588.40240480962  0.5807892052138843 
  43634.63967935872  0.580053182015902  
  43680.87695390782  0.5793254250816499 
  43727.114228456914 0.5785724243386232 
  43773.351503006015 0.5777955816350848 
  43819.58877755511  0.5770209135392623 
  43865.82605210421  0.5762616441902869 
  43912.06332665331  0.575508518690016  
  43958.300601202405 0.57485555543057   
  44004.53787575151  0.5741814932929021 
  44050.7751503006   0.573234052237063  
  44097.0124248497   0.5722924707774015 
  44143.2496993988   0.5713473014467052 
  44189.486973947896 0.5703991346343098 
  44235.724248497    0.5694590385543606 
  44281.9615230461   0.5685321233324154 
  44328.198797595185 0.5674484110290055 
  44374.436072144286 0.5663208513054218 
  44420.673346693395 0.5651776957708978 
  44466.91062124248  0.5640026694355215 
  44513.14789579158  0.5628389239419916 
  44559.38517034068  0.5617723364795224 
  44605.62244488978  0.5607171029637645 
  44651.85971943888  0.5596481884084679 
  44698.09699398798  0.5584232982788202 
  44744.33426853707  0.5571989166643281 
  44790.571543086175 0.555974466560939  
  44836.808817635276 0.5547452883409929 
  44883.04609218437  0.5535087377608362 
  44929.28336673347  0.5522488292587204 
  44975.52064128257  0.5509726744152388 
  45021.757915831666 0.5495754973094422 
  45067.99519038077  0.5481179710131415 
  45114.23246492987  0.5466537184012408 
  45160.46973947896  0.5451866274500118 
  45206.70701402806  0.5437262995396278 
  45252.944288577164 0.5422758438086643 
  45299.18156312625  0.5408205947463232 
  45345.41883767535  0.5393535868958226 
  45391.65611222446  0.5379050558346534 
  45437.89338677355  0.5364763387943942 
  45484.13066132265  0.5348087496728059 
  45530.36793587175  0.5331781825998005 
  45576.60521042084  0.531570604900902  
  45622.842484969944 0.5299632970380393 
  45669.07975951904  0.528349676830072  
  45715.31703406814  0.5267277952017398 
  45761.55430861724  0.5250936298282979 
  45807.791583166334 0.5234550352361573 
  45854.028857715435 0.5218159871409167 
  45900.26613226453  0.5201498474838403 
  45946.50340681363  0.5184246245685397 
  45992.74068136273  0.5166803161503172 
  46038.977955911825 0.5149367545401304 
  46085.215230460926 0.5132214375841809 
  46131.45250501003  0.511601594575114  
  46177.689779559114 0.5099991218701547 
  46223.927054108215 0.5083984593874521 
  46270.164328657316 0.5068040687261465 
  46316.40160320641  0.5052318932805807 
  46362.63887775551  0.5036737031084556 
  46408.87615230461  0.5021201744391063 
  46455.113426853706 0.5005856099865649 
  46501.35070140281  0.4990635992705421 
  46547.58797595191  0.4975417119991587 
  46593.825250501    0.496174441904488  
  46640.0625250501   0.49483346096070463
  46686.299799599205 0.49348467624313114
  46732.5370741483   0.49211359980135383
  46778.7743486974   0.4907258432248386 
  46825.0116232465   0.4893157096816715 
  46871.248897795595 0.4878908838156307 
  46917.486172344696 0.48647383066886823
  46963.7234468938   0.48506460514627   
  47009.96072144289  0.4836528379996745 
  47056.19799599199  0.4822552325595229 
  47102.43527054109  0.48085910513090413
  47148.67254509018  0.47946635287457545
  47194.90981963928  0.4781115740385865 
  47241.14709418838  0.4767834256683892 
  47287.384368737476 0.4754924812484432 
  47333.62164328658  0.47422836820036357
  47379.85891783567  0.4729889962787381 
  47426.09619238477  0.4717840986553231 
  47472.33346693387  0.4706096083625414 
  47518.57074148297  0.4694468879641271 
  47564.80801603207  0.4682750017978131 
  47611.04529058116  0.4670932914720853 
  47657.28256513026  0.4659219376092588 
  47703.519839679364 0.4647500232567679 
  47749.75711422846  0.46360282039335643
  47795.99438877756  0.4624799561159755 
  47842.23166332666  0.46130835164511275
  47888.46893787575  0.46012073090624445
  47934.70621242485  0.4589323689111364 
  47980.943486973956 0.4577356594851696 
  48027.18076152304  0.4565409920290513 
  48073.418036072144 0.45534706333221997
  48119.655310621245 0.4541402262467079 
  48165.89258517034  0.4529160678036715 
  48212.12985971944  0.4517056674983846 
  48258.36713426854  0.4505310730152223 
  48304.604408817635 0.44937414994084873
  48350.841683366736 0.44821956972147975
  48397.07895791584  0.447070372557315  
  48443.31623246493  0.4458917256018075 
  48489.55350701403  0.44473888532007194
  48535.79078156313  0.44365524970292686
  48582.02805611223  0.44260039455658995
  48628.26533066133  0.44153413880597653
  48674.50260521043  0.44043481790625005
  48720.73987975952  0.4392933271363621 
  48766.977154308624 0.4381281100021446 
  48813.214428857726 0.43698266575452727
  48859.45170340681  0.435863696596434  
  48905.68897795591  0.43474997007603333
  48951.926252505014 0.43363208813933396
  48998.16352705411  0.4325965911733788 
  49044.4008016032   0.4316122630910873 
  49090.63807615231  0.4306299973385254 
  49136.875350701404 0.4296546657158513 
  49183.1126252505   0.42868241951026786
  49229.34989979961  0.42770255828866294
  49275.5871743487   0.4267187119832017 
  49321.824448897794 0.42573499748195265
  49368.0617234469   0.4247510819275358 
  49414.298997996    0.42377229706677244
  49460.53627254509  0.4228026882731056 
  49506.77354709419  0.42199481093581137
  49553.01082164329  0.4212931680357486 
  49599.24809619239  0.42059207918916397
  49645.48537074149  0.41989041692847257
  49691.72264529059  0.41918970978086006
  49737.959919839675 0.4185288681505184 
  49784.19719438878  0.417977154603877  
  49830.43446893788  0.41742176384402324
  49876.67174348697  0.41686460215251153
  49922.90901803607  0.4163079641511719 
  49969.146292585174 0.41575146095503507
  50015.38356713427  0.41517068755622   
  50061.62084168337  0.4145477097630612 
  50107.85811623247  0.4139235539566996 
  50154.095390781564 0.4132997537916166 
  50200.332665330665 0.4126763593280831 
  50246.569939879766 0.41205349793773205
  50292.80721442886  0.41143070635744483
  50339.04448897796  0.4108090663252367 
  50385.28176352706  0.4101872111115286 
  50431.519038076156 0.40890421948501043
  50477.75631262526  0.4073120888533944 
  50523.99358717436  0.40572277485066116
  50570.23086172345  0.4041368400074929 
  50616.46813627255  0.4025515273042385 
  50662.705410821654 0.4009709775523122 
  50708.94268537074  0.3993921815643308 
  50755.17995991984  0.3978148761292736 
  50801.41723446894  0.39624247974362353
  50847.65450901804  0.39467039499071693
  50893.89178356713  0.3931020018924728 
  50940.12905811624  0.39153679881711184
  50986.36633266533  0.389972505269286  
  51032.60360721443  0.3881762198697544 
  51078.840881763535 0.3862841498047667 
  51125.07815631263  0.3843945295423868 
  51171.31543086172  0.3825100298072327 
  51217.55270541083  0.38062706905061683
  51263.789979959925 0.3787481759171344 
  51310.02725450902  0.3768738476262257 
  51356.26452905812  0.3750002841868516 
  51402.50180360722  0.3731330303974968 
  51448.73907815631  0.37126621600438586
  51494.97635270541  0.36940529079742307
  51541.21362725452  0.3675471537482195 
  51587.450901803604 0.3656965284260398 
  51633.688176352705 0.36384738725067906
  51679.92545090181  0.3620024749667072 
  51726.1627254509   0.3601586928990468 
  51772.4            0.3583198913049066 
