5984 -0.00191265665738
5991.3266 0.010153172431769
5998.6533 0.023853253231476
6005.9799 0.0431913624496
6013.3065 0.069414423645181
6020.6332 0.1008653576096
6027.9598 0.13897202816627
6035.2864 0.19194275016557
6042.6131 0.26458490316892
6049.9397 0.34611740567053
6057.2663 0.41880514172161
6064.593 0.47506502148537
6071.9196 0.51481963767746
6079.2462 0.53503979612424
6086.5729 0.53473884067176
6093.8995 0.52140746747518
6101.2261 0.5043861260778
6108.5528 0.48846460903004
6115.8794 0.47478533964303
6123.206 0.46280422107005
6130.5327 0.45199336751954
6137.8593 0.44375311628727
6145.1859 0.44090942672043
6152.5126 0.44440944390146
6159.8392 0.45200165886476
6167.1658 0.46094228804777
6174.4925 0.47005868002243
6181.8191 0.47917692002535
6189.1457 0.48830030510329
6196.4724 0.49744454075526
6203.799 0.5066237827332
6211.1256 0.51583386368544
6218.4523 0.52505765990098
6225.7789 0.53428167484915
6233.1055 0.54340916250231
6240.4322 0.55175939949071
6247.7588 0.55764581830691
6255.0854 0.55956706440851
6262.4121 0.55798511814838
6269.7387 0.55473467323611
6277.0653 0.55113464775672
6284.392 0.54786865163926
6291.7186 0.54617695191674
6299.0452 0.54775405271914
6306.3719 0.55299278946046
6313.6985 0.56047933843108
6321.0251 0.56866860369069
6328.3518 0.57704202578688
6335.6784 0.58583651211665
6343.005 0.59545583793134
6350.3317 0.60594912689593
6357.6583 0.61689197753109
6364.9849 0.6276634403046
6372.3116 0.63768498552561
6379.6382 0.64672958482622
6386.9648 0.65507014208661
6394.2915 0.66287713496924
6401.6181 0.66934383644309
6408.9447 0.67300596434401
6416.2714 0.67342049007309
6423.598 0.67176966102212
6430.9246 0.66945010414114
6438.2513 0.66704558715011
6445.5779 0.66464026878196
6452.9045 0.66223546444748
6460.2312 0.6598311731538
6467.5578 0.65742739689017
6474.8844 0.65502414263323
6482.2111 0.65262278857727
6489.5377 0.65027531678854
6496.8643 0.64827449242502
6504.191 0.6470842864674
6511.5176 0.64713772990825
6518.8442 0.64824189909193
6526.1709 0.64977646432896
6533.4975 0.65128541726067
6540.8241 0.65219646843503
6548.1508 0.65159662542221
6555.4774 0.64899325545343
6562.804 0.64492824730479
6570.1307 0.64030608839308
6577.4573 0.63559524242942
6584.7839 0.63088565543281
6592.1106 0.62618030628966
6599.4372 0.62148054934758
6606.7638 0.61680144768833
6614.0905 0.61219152137168
6621.4171 0.60771015213232
6628.7437 0.60336227727599
6636.0704 0.59909189747742
6643.397 0.59484607793128
6650.7236 0.590606152553
6658.0503 0.58637005575156
6665.3769 0.58213777160939
6672.7035 0.57791017882798
6680.0302 0.57373692507778
6687.3568 0.56995000983049
6694.6834 0.56732384487851
6702.0101 0.56649053492091
6709.3367 0.56717992340439
6716.6633 0.56856293468628
6723.9899 0.57009130124473
6731.3166 0.57162632858315
6738.6432 0.57315960904564
6745.9698 0.57469112316188
6753.2965 0.57622189393603
6760.6231 0.57777601069486
6767.9497 0.57946633555219
6775.2764 0.58149183324702
6782.603 0.58395090253843
6789.9296 0.58671720862418
6797.2563 0.58959540128722
6804.5829 0.59248856568538
6811.9095 0.59537915859203
6819.2362 0.5982717249739
6826.5628 0.60121704456164
6833.8894 0.60436840967818
6841.2161 0.6079002189353
6848.5427 0.61181205766719
6855.8693 0.61592899920919
6863.196 0.62009654121637
6870.5226 0.62424048555014
6877.8492 0.62824578495699
6885.1759 0.63191803253105
6892.5025 0.63516045253278
6899.8291 0.63809498907075
6907.1558 0.64085010543115
6914.4824 0.64306616162946
6921.809 0.64363501790692
6929.1357 0.64155838055417
6936.4623 0.63714956413445
6943.7889 0.63163486189824
6951.1156 0.62587738703581
6958.4422 0.62010868941045
6965.7688 0.61429070670639
6973.0955 0.60803530792531
6980.4221 0.60039209211878
6987.7487 0.59053217338184
6995.0754 0.57873528324875
7002.402 0.56598069782814
7009.7286 0.55296068585203
7017.0553 0.54013349843749
7024.3819 0.52783897056212
7031.7085 0.5162997742882
7039.0352 0.50536023999545
7046.3618 0.49471520121962
7053.6884 0.48445627470102
7061.0151 0.47534447633307
7068.3417 0.46820577133449
7075.6683 0.46293647665552
7082.995 0.45863058738653
7090.3216 0.45454345546749
7097.6482 0.45036605044664
7104.9749 0.44594758000233
7112.3015 0.44124641940475
7119.6281 0.43626391003888
7126.9548 0.43059357840367
7134.2814 0.42328464016178
7141.608 0.41377066572682
7148.9347 0.40261127282438
7156.2613 0.39060028432449
7163.5879 0.3774292492499
7170.9146 0.36192600573132
7178.2412 0.34371530108451
7185.5678 0.32411939113911
7192.8945 0.30533517758657
7200.2211 0.28896526322269
7207.5477 0.27503768142797
7214.8744 0.2625301239763
7222.201 0.25088490489457
7229.5276 0.24048740560452
7236.8543 0.23252862679095
7244.1809 0.22941573664089
7251.5075 0.23341138797183
7258.8342 0.24375183619239
7266.1608 0.257226085924
7273.4874 0.27148995583669
7280.8141 0.28706539921125
7288.1407 0.30896766984937
7295.4673 0.3443115771997
7302.794 0.39225321072275
7310.1206 0.43885876845539
7317.4472 0.46338995697757
7324.7739 0.44869602909475
7332.1005 0.39418676727777
7339.4271 0.31796565614576
7346.7538 0.23940202479801
7354.0804 0.16751001306751
7361.407 0.107327001051
7368.7337 0.064536472887151
7376.0603 0.039894243926051
7383.3869 0.027115909527149
7390.7136 0.019700890535524
7398.0402 0.015008500751247
7405.3668 0.011960711413933
7412.6935 0.0095488262129539
7420.0201 0.0072471444930955
7427.3467 0.0049527533504379
7434.6734 0.00266209846882
7442 0.00037517988902504
