4868 -8.694701053808E-5
4875.8995 0.0028852473058509
4883.799 0.0059014024802542
4891.6985 0.009374906452126
4899.598 0.014635819015637
4907.4975 0.023314801238765
4915.397 0.035557569552313
4923.2965 0.049882442028848
4931.196 0.065269787795421
4939.0955 0.08257044812437
4946.995 0.10339804437576
4954.8945 0.12790661299817
4962.794 0.15454385249976
4970.6935 0.18182784199628
4978.593 0.2091672802683
4986.4925 0.23626880437916
4994.392 0.26282788049449
5002.2915 0.2886710709799
5010.191 0.31383418947386
5018.0905 0.3388745777438
5025.9899 0.36389111924428
5033.8894 0.38881964515957
5041.7889 0.41318989598348
5049.6884 0.43596513801568
5057.5879 0.45637177941226
5065.4874 0.47484016380982
5073.3869 0.49245682488743
5081.2864 0.50982332032676
5089.1859 0.52663692558655
5097.0854 0.54187717746635
5104.9849 0.55476198499275
5112.8844 0.56570538492298
5120.7839 0.57579063928272
5128.6834 0.58564843051884
5136.5829 0.59513192780507
5144.4824 0.60357070032156
5152.3819 0.61045978265562
5160.2814 0.61608295206582
5168.1809 0.62115309991376
5176.0804 0.6261112840575
5183.9799 0.63104448100644
5191.8794 0.63585802267798
5199.7789 0.64033999536811
5207.6784 0.6443416052119
5215.5779 0.64795961928355
5223.4774 0.65140690426555
5231.3769 0.65473030313169
5239.2764 0.65768166707645
5247.1759 0.65991518432383
5255.0754 0.66139345271967
5262.9749 0.66243717651276
5270.8744 0.66335549943787
5278.7739 0.66423118745982
5286.6734 0.66492677201891
5294.5729 0.66515000212712
5302.4724 0.66472340015482
5310.3719 0.66380474321066
5318.2714 0.66268969268566
5326.1709 0.66154041745671
5334.0704 0.66039026340864
5341.9698 0.65924052359609
5349.8693 0.6580911946267
5357.7688 0.65694227819795
5365.6683 0.65579369267775
5373.5678 0.6546345750918
5381.4673 0.65336893098602
5389.3668 0.6517277099538
5397.2663 0.6494305633938
5405.1658 0.64650846466637
5413.0653 0.6432637760036
5420.9648 0.63993954739427
5428.8643 0.63661012301161
5436.7638 0.63328198470431
5444.6633 0.6299529573346
5452.5628 0.62658296902909
5460.4623 0.62300560464348
5468.3618 0.61895739785339
5476.2613 0.61433935392787
5484.1608 0.60934291827344
5492.0603 0.60421820045474
5499.9598 0.59907729921473
5507.8593 0.59393807840346
5515.7588 0.58880090417095
5523.6583 0.58366576838717
5531.5578 0.57853268731384
5539.4573 0.57340165281928
5547.3568 0.56827266490347
5555.2563 0.56314571544303
5563.1558 0.55802082068641
5571.0553 0.5528972741818
5578.9548 0.54774611795489
5586.8543 0.54239621205478
5594.7538 0.53648338457416
5602.6533 0.52974967436595
5610.5528 0.52235897395595
5618.4523 0.51468979832661
5626.3518 0.50696938156562
5634.2513 0.49924955141311
5642.1508 0.49153283822809
5650.0503 0.48381925011405
5657.9497 0.47610877209642
5665.8492 0.46840140979248
5673.7487 0.46069717255454
5681.6482 0.45299604418392
5689.5477 0.44529802468559
5697.4472 0.43760184337937
5705.3467 0.42989622906663
5713.2462 0.42214942726919
5721.1457 0.41432823744232
5729.0452 0.40643605526435
5736.9447 0.39850859037722
5744.8442 0.3905747006095
5752.7437 0.38264325776882
5760.6432 0.37471503803836
5768.5427 0.36679003333952
5776.4422 0.35886825983117
5784.3417 0.35094970943305
5792.2412 0.34303438214516
5800.1407 0.33512125282725
5808.0402 0.3271943671054
5815.9397 0.31919225231728
5823.8392 0.311024550057
5831.7387 0.3026648214745
5839.6382 0.29418442162863
5847.5377 0.28566734463643
5855.4372 0.27714863753314
5863.3367 0.26863334016105
5871.2362 0.26012151702127
5879.1357 0.25161317617415
5887.0352 0.24310832567341
5894.9347 0.23460771435601
5902.8342 0.22613827035826
5910.7337 0.21784874153622
5918.6332 0.21004014883468
5926.5327 0.20290812723356
5934.4322 0.19630072363554
5942.3317 0.18991006084192
5950.2312 0.18356108638195
5958.1307 0.17721630726184
5966.0302 0.17087413114374
5973.9296 0.16453455845763
5981.8291 0.15819758832706
5989.7286 0.15186322119849
5997.6281 0.14553152934641
6005.5276 0.13922001845696
6013.4271 0.13299916309374
6021.3266 0.1270757366007
6029.2261 0.12166527388642
6037.1256 0.11673986544231
6045.0251 0.11206395433945
6052.9246 0.10745051759463
6060.8241 0.10284300550345
6068.7236 0.098236595277449
6076.6231 0.093631270869319
6084.5226 0.089027032279063
6092.4221 0.084423879506679
6100.3216 0.079821810948576
6108.2211 0.07522083141553
6116.1206 0.070624261160746
6124.0201 0.06608373319419
6131.9196 0.061797032950476
6139.8191 0.058053757518791
6147.7186 0.054937370552223
6155.6181 0.052218438618993
6163.5176 0.049628192070191
6171.4171 0.047054843488176
6179.3166 0.044482353308493
6187.2161 0.041910470806317
6195.1156 0.039339200785598
6203.0151 0.036771149880424
6210.9146 0.034239029930778
6218.8141 0.031855035251705
6226.7136 0.029765948696409
6234.6131 0.02799531832648
6242.5126 0.026413086947077
6250.4121 0.024886805361262
6258.3116 0.02336696398388
6266.2111 0.021847538118464
6274.1106 0.020328472565071
6282.0101 0.018809765724184
6289.9095 0.017291822179709
6297.809 0.015786756239883
6305.7085 0.014357298213085
6313.608 0.013123858305665
6321.5075 0.012157627174782
6329.407 0.01139203470899
6337.3065 0.010705923564041
6345.206 0.010033740822581
6353.1055 0.0093622141351269
6361.005 0.0086908473520033
6368.9045 0.0080196388757792
6376.804 0.0073485899843042
6384.7035 0.0066777001185393
6392.603 0.0060069692785129
6400.5025 0.0053363976238923
6408.402 0.0046659849950291
6416.3015 0.0039957315515528
6424.201 0.0033256371338528
6432.1005 0.0026557019015207
6440 0.001985925694984
