7574.00 0.00108566
7576.00 0.00117169
7578.00 0.00129444
7580.00 0.00139033
7582.00 0.001465
7584.00 0.00157935
7586.00 0.00168921
7588.00 0.00178746
7590.00 0.00191489
7592.00 0.00204817
7594.00 0.0022042
7596.00 0.00234115
7598.00 0.0024716
7600.00 0.00262717
7602.00 0.00283682
7604.00 0.00298676
7606.00 0.00317384
7608.00 0.00336025
7610.00 0.00356503
7612.00 0.00375369
7614.00 0.00397169
7616.00 0.00419986
7618.00 0.00441143
7620.00 0.0047091
7622.00 0.0049634
7624.00 0.00520745
7626.00 0.0055129
7628.00 0.00585127
7630.00 0.00618192
7632.00 0.00653084
7634.00 0.00697266
7636.00 0.00737482
7638.00 0.00780385
7640.00 0.00825143
7642.00 0.00867304
7644.00 0.00920065
7646.00 0.00975338
7648.00 0.0103436
7650.00 0.0109036
7652.00 0.0115488
7654.00 0.012262
7656.00 0.0129911
7658.00 0.0139234
7660.00 0.0147018
7662.00 0.0156483
7664.00 0.0167098
7666.00 0.0177585
7668.00 0.0190029
7670.00 0.0202381
7672.00 0.0216686
7674.00 0.0231101
7676.00 0.0247069
7678.00 0.0265335
7680.00 0.0283412
7682.00 0.030481
7684.00 0.0326724
7686.00 0.0352213
7688.00 0.0378603
7690.00 0.0407531
7692.00 0.0440827
7694.00 0.0476193
7696.00 0.0514942
7698.00 0.0559256
7700.00 0.0605069
7702.00 0.0657652
7704.00 0.0715237
7706.00 0.0777034
7708.00 0.0846598
7710.00 0.0921636
7712.00 0.100434
7714.00 0.109767
7716.00 0.119822
7718.00 0.131048
7720.00 0.143405
7722.00 0.156753
7724.00 0.171481
7726.00 0.187428
7728.00 0.204947
7730.00 0.224643
7732.00 0.244729
7734.00 0.267636
7736.00 0.291665
7738.00 0.318039
7740.00 0.34546
7742.00 0.375392
7744.00 0.405389
7746.00 0.437623
7748.00 0.471572
7750.00 0.505691
7752.00 0.538995
7754.00 0.57394
7756.00 0.608449
7758.00 0.642445
7760.00 0.675615
7762.00 0.70752
7764.00 0.738116
7766.00 0.766843
7768.00 0.792641
7770.00 0.818202
7772.00 0.839233
7774.00 0.859629
7776.00 0.877345
7778.00 0.893077
7780.00 0.906198
7782.00 0.919171
7784.00 0.928031
7786.00 0.935993
7788.00 0.943498
7790.00 0.948797
7792.00 0.953468
7794.00 0.957001
7796.00 0.960659
7798.00 0.963495
7800.00 0.965186
7802.00 0.967064
7804.00 0.968236
7806.00 0.970045
7808.00 0.971431
7810.00 0.97367
7812.00 0.974261
7814.00 0.974909
7816.00 0.976796
7818.00 0.976789
7820.00 0.978227
7822.00 0.978666
7824.00 0.979722
7826.00 0.979879
7828.00 0.98142
7830.00 0.981446
7832.00 0.981169
7834.00 0.981196
7836.00 0.982149
7838.00 0.98254
7840.00 0.981926
7842.00 0.981906
7844.00 0.981874
7846.00 0.981423
7848.00 0.980405
7850.00 0.980462
7852.00 0.979931
7854.00 0.979329
7856.00 0.979059
7858.00 0.978788
7860.00 0.978151
7862.00 0.976798
7864.00 0.977239
7866.00 0.975938
7868.00 0.976333
7870.00 0.97702
7872.00 0.975272
7874.00 0.976843
7876.00 0.97542
7878.00 0.974872
7880.00 0.976096
7882.00 0.976568
7884.00 0.974996
7886.00 0.976357
7888.00 0.97473
7890.00 0.974115
7892.00 0.974438
7894.00 0.970457
7896.00 0.96772
7898.00 0.964141
7900.00 0.960788
7902.00 0.95479
7904.00 0.946923
7906.00 0.939407
7908.00 0.928016
7910.00 0.915363
7912.00 0.902211
7914.00 0.884913
7916.00 0.866567
7918.00 0.846192
7920.00 0.824033
7922.00 0.798814
7924.00 0.772324
7926.00 0.743223
7928.00 0.712745
7930.00 0.682206
7932.00 0.649771
7934.00 0.616315
7936.00 0.582995
7938.00 0.550861
7940.00 0.517269
7942.00 0.485803
7944.00 0.454713
7946.00 0.424672
7948.00 0.395782
7950.00 0.367161
7952.00 0.340678
7954.00 0.315716
7956.00 0.291997
7958.00 0.270379
7960.00 0.249927
7962.00 0.230958
7964.00 0.213117
7966.00 0.196295
7968.00 0.181094
7970.00 0.166879
7972.00 0.153935
7974.00 0.142028
7976.00 0.131204
7978.00 0.121044
7980.00 0.111901
7982.00 0.103352
7984.00 0.0955635
7986.00 0.0883759
7988.00 0.0821601
7990.00 0.0760007
7992.00 0.0703232
7994.00 0.0654399
7996.00 0.0607091
7998.00 0.0567505
8000.00 0.0671128
8002.00 0.062332
8004.00 0.0578752
8006.00 0.0537153
8008.00 0.0499642
8010.00 0.0465156
8012.00 0.0432096
8014.00 0.0403327
8016.00 0.0375868
8018.00 0.0350471
8020.00 0.0327125
8022.00 0.0306916
8024.00 0.0285815
8026.00 0.026805
8028.00 0.0250455
8030.00 0.0235533
8032.00 0.0220088
8034.00 0.020739
8036.00 0.0194426
8038.00 0.0182987
8040.00 0.0171396
8042.00 0.016197
8044.00 0.0152347
8046.00 0.0144287
8048.00 0.0135722
8050.00 0.0127759
8052.00 0.0120775
8054.00 0.011406
8056.00 0.0107866
8058.00 0.0102685
8060.00 0.00971007
8062.00 0.00915293
8064.00 0.0087029
8066.00 0.00828911
8068.00 0.0077889
8070.00 0.00745466
8072.00 0.00706463
8074.00 0.00671572
8076.00 0.00634207
8078.00 0.00609513
8080.00 0.00582389
8082.00 0.00554599
8084.00 0.00527243
8086.00 0.00506503
8088.00 0.00477147
8090.00 0.0045853
8092.00 0.00439503
8094.00 0.0041997
8096.00 0.00402463
8098.00 0.00384586
8100.00 0.00365418
8102.00 0.00352294
8104.00 0.00336589
8106.00 0.00323197
8108.00 0.00308119
8110.00 0.00295282
8112.00 0.00286446
8114.00 0.0027419
8116.00 0.00266776
8118.00 0.00256281
8120.00 0.00244865
8122.00 0.00233582
8124.00 0.00226303
8126.00 0.00220902
8128.00 0.00209878
8130.00 0.00204233
8132.00 0.00194571
8134.00 0.0018947
8136.00 0.00181424
8138.00 0.00175346
8140.00 0.001692
8142.00 0.00160687
8144.00 0.00160668
8146.00 0.00152403
8148.00 0.00148589
8150.00 0.00141997
8152.00 0.00141024
8154.00 0.00135146
8156.00 0.00129711
8158.00 0.00127072
8160.00 0.00124381
8162.00 0.00118482
8164.00 0.00114769
8166.00 0.00113072
8168.00 0.0010804
8170.00 0.00107396
8172.00 0.00103748
