4698.164 0.006524332
4700.400 0.006532244
4702.636 0.006548159
4704.872 0.006572257
4707.108 0.006604812
4709.344 0.006646199
4711.580 0.006696896
4713.817 0.006757494
4716.053 0.006828701
4718.289 0.006911354
4720.526 0.007006426
4722.763 0.007115036
4725.000 0.007238457
4727.237 0.007378121
4729.474 0.007535632
4731.712 0.007712767
4733.950 0.007911481
4736.187 0.008133914
4738.425 0.008382387
4740.663 0.008659406
4742.900 0.008967653
4745.139 0.009309992
4747.377 0.009689452
4749.615 0.01010922
4751.853 0.01057264
4754.092 0.0110832
4756.331 0.0116445
4758.570 0.01226028
4760.809 0.01293435
4763.047 0.01367065
4765.287 0.01447317
4767.526 0.01534596
4769.765 0.01629314
4772.005 0.01731886
4774.244 0.01842729
4776.484 0.01962263
4778.724 0.02090909
4780.965 0.02229087
4783.205 0.02377218
4785.445 0.02535718
4787.685 0.02705003
4789.926 0.02885484
4792.166 0.03077566
4794.407 0.03281651
4796.648 0.03498128
4798.889 0.0372738
4801.130 0.03969778
4803.371 0.0422568
4805.613 0.04495427
4807.854 0.0477934
4810.096 0.05077723
4812.338 0.05390852
4814.579 0.05718979
4816.821 0.06062324
4819.063 0.06421074
4821.306 0.06795381
4823.548 0.07185359
4825.790 0.07591079
4828.033 0.08012571
4830.276 0.08449819
4832.519 0.08902761
4834.761 0.09371285
4837.004 0.09855237
4839.248 0.1035441
4841.491 0.1086856
4843.734 0.1139738
4845.978 0.1194053
4848.221 0.1249764
4850.465 0.1306827
4852.709 0.1365197
4854.953 0.1424824
4857.198 0.1485657
4859.442 0.1547641
4861.686 0.1610717
4863.930 0.1674829
4866.175 0.1739914
4868.420 0.1805911
4870.664 0.1872757
4872.910 0.194039
4875.154 0.2008744
4877.400 0.2077759
4879.645 0.2147369
4881.891 0.2217512
4884.136 0.2288125
4886.382 0.2359148
4888.628 0.243052
4890.874 0.250218
4893.120 0.2574071
4895.366 0.2646134
4897.612 0.2718315
4899.858 0.2790557
4902.105 0.2862808
4904.352 0.2935016
4906.599 0.300713
4908.846 0.3079102
4911.093 0.3150883
4913.340 0.3222429
4915.587 0.3293696
4917.834 0.3364641
4920.082 0.3435225
4922.329 0.350541
4924.577 0.3575159
4926.825 0.3644437
4929.073 0.3713214
4931.321 0.3781459
4933.569 0.3849142
4935.818 0.3916238
4938.066 0.3982723
4940.315 0.4048574
4942.563 0.411377
4944.812 0.4178291
4947.061 0.4242121
4949.310 0.4305243
4951.559 0.4367641
4953.808 0.44293
4956.057 0.4490209
4958.307 0.4550353
4960.557 0.4609722
4962.807 0.4668305
4965.057 0.472609
4967.307 0.4783068
4969.557 0.4839228
4971.807 0.4894563
4974.057 0.4949063
4976.308 0.5002722
4978.558 0.5055532
4980.809 0.5107486
4983.059 0.5158582
4985.310 0.5208813
4987.561 0.5258179
4989.813 0.5306678
4992.064 0.5354311
4994.316 0.5401083
4996.567 0.5446995
4998.819 0.5492057
5001.071 0.5536275
5003.322 0.5579659
5005.574 0.5622224
5007.826 0.5663981
5010.078 0.5704947
5012.331 0.5745139
5014.583 0.5784575
5016.836 0.5823275
5019.089 0.5861257
5021.342 0.5898542
5023.595 0.593515
5025.848 0.5971102
5028.101 0.6006416
5030.354 0.6041111
5032.607 0.6075205
5034.861 0.6108714
5037.115 0.6141652
5039.368 0.6174031
5041.622 0.6205864
5043.876 0.6237158
5046.130 0.6267921
5048.385 0.6298158
5050.639 0.6327871
5052.893 0.6357064
5055.148 0.6385734
5057.403 0.6413882
5059.658 0.6441504
5061.913 0.6468597
5064.167 0.6495157
5066.423 0.6521178
5068.678 0.6546656
5070.933 0.6571586
5073.189 0.6595964
5075.444 0.6619786
5077.700 0.6643049
5079.956 0.6665751
5082.212 0.6687891
5084.468 0.6709471
5086.725 0.6730492
5088.981 0.6750956
5091.237 0.6770868
5093.494 0.6790236
5095.750 0.6809065
5098.007 0.6827365
5100.264 0.6845143
5102.521 0.686241
5104.778 0.6879177
5107.036 0.6895456
5109.293 0.6911256
5111.551 0.6926589
5113.808 0.6941466
5116.066 0.6955898
5118.324 0.6969893
5120.582 0.6983461
5122.839 0.6996612
5125.098 0.7009352
5127.356 0.7021689
5129.614 0.7033629
5131.873 0.7045178
5134.132 0.7056341
5136.391 0.7067122
5138.650 0.7077527
5140.909 0.708756
5143.168 0.7097224
5145.427 0.7106524
5147.686 0.7115464
5149.946 0.7124051
5152.205 0.7132289
5154.465 0.7140185
5156.725 0.7147747
5158.985 0.7154982
5161.245 0.7161899
5163.505 0.7168506
5165.766 0.7174814
5168.026 0.7180831
5170.286 0.718657
5172.547 0.7192039
5174.808 0.719725
5177.068 0.7202212
5179.330 0.7206937
5181.591 0.7211434
5183.852 0.7215714
5186.113 0.7219784
5188.375 0.7223654
5190.636 0.722733
5192.898 0.7230821
5195.159 0.7234131
5197.421 0.7237267
5199.683 0.7240233
5201.945 0.7243036
5204.208 0.7245678
5206.470 0.7248163
5208.733 0.7250496
5210.995 0.7252679
5213.258 0.7254715
5215.521 0.7256607
5217.784 0.7258359
5220.047 0.7259973
5222.310 0.7261454
5224.573 0.7262803
5226.837 0.7264026
5229.100 0.7265124
5231.364 0.7266102
5233.628 0.726696
5235.892 0.7267703
5238.156 0.7268333
5240.420 0.7268853
5242.684 0.7269263
5244.948 0.7269565
5247.213 0.726976
5249.477 0.7269847
5251.741 0.7269827
5254.006 0.7269696
5256.271 0.7269453
5258.536 0.7269096
5260.801 0.7268624
5263.066 0.726803
5265.331 0.7267312
5267.597 0.7266464
5269.863 0.7265484
5272.128 0.7264365
5274.394 0.7263103
5276.660 0.7261693
5278.926 0.7260131
5281.193 0.7258412
5283.459 0.7256532
5285.725 0.7254487
5287.991 0.7252274
5290.258 0.7249889
5292.525 0.7247331
5294.792 0.7244596
5297.059 0.7241682
5299.326 0.7238587
5301.592 0.7235309
5303.860 0.7231848
5306.127 0.7228203
5308.395 0.7224373
5310.663 0.7220356
5312.930 0.7216156
5315.198 0.721177
5317.466 0.7207202
5319.734 0.720245
5322.003 0.7197516
5324.271 0.7192403
5326.539 0.7187113
5328.807 0.7181647
5331.076 0.7176008
5333.345 0.7170202
5335.613 0.7164228
5337.883 0.7158093
5340.151 0.7151799
5342.421 0.7145352
5344.690 0.7138755
5346.959 0.7132012
5349.229 0.7125129
5351.498 0.7118108
5353.768 0.7110958
5356.038 0.7103679
5358.308 0.7096278
5360.579 0.7088758
5362.849 0.7081122
5365.119 0.7073376
5367.390 0.706552
5369.660 0.7057559
5371.931 0.7049496
5374.202 0.7041332
5376.472 0.7033067
5378.743 0.7024705
5381.014 0.7016245
5383.286 0.7007689
5385.557 0.6999036
5387.828 0.6990285
5390.100 0.6981436
5392.372 0.6972486
5394.644 0.6963434
5396.916 0.6954278
5399.188 0.6945014
5401.460 0.6935639
5403.732 0.692615
5406.004 0.6916541
5408.276 0.6906809
5410.549 0.6896948
5412.822 0.6886951
5415.095 0.6876814
5417.368 0.686653
5419.641 0.6856095
5421.913 0.68455
5424.187 0.6834742
5426.460 0.6823813
5428.734 0.681271
5431.007 0.6801424
5433.281 0.6789953
5435.554 0.6778292
5437.828 0.6766438
5440.103 0.6754388
5442.377 0.6742138
5444.651 0.6729689
5446.925 0.6717038
5449.200 0.6704187
5451.475 0.6691136
5453.749 0.6677889
5456.024 0.6664445
5458.299 0.665081
5460.574 0.6636987
5462.849 0.6622979
5465.124 0.6608791
5467.399 0.6594429
5469.675 0.6579897
5471.951 0.6565202
5474.226 0.6550349
5476.502 0.6535343
5478.777 0.6520189
5481.053 0.6504893
5483.331 0.648946
5485.607 0.6473896
5487.883 0.6458204
5490.159 0.6442391
5492.436 0.6426458
5494.713 0.6410413
5496.989 0.6394256
5499.266 0.6377993
5501.543 0.6361625
5503.820 0.6345157
5506.097 0.6328591
5508.375 0.6311929
5510.652 0.6295174
5512.930 0.6278328
5515.208 0.6261391
5517.485 0.6244367
5519.763 0.6227256
5522.041 0.621006
5524.319 0.6192779
5526.597 0.6175416
5528.876 0.615797
5531.154 0.6140443
5533.433 0.6122836
5535.711 0.610515
5537.990 0.6087385
5540.269 0.6069543
5542.548 0.6051625
5544.827 0.6033633
5547.106 0.6015568
5549.386 0.5997431
5551.666 0.5979226
5553.945 0.5960954
5556.224 0.5942619
5558.504 0.5924224
5560.784 0.5905771
5563.064 0.5887264
5565.344 0.5868708
5567.625 0.5850105
5569.905 0.5831459
5572.185 0.5812774
5574.465 0.5794052
5576.746 0.5775298
5579.027 0.5756512
5581.307 0.5737697
5583.589 0.5718853
5585.870 0.569998
5588.151 0.5681077
5590.433 0.5662143
5592.714 0.5643173
5594.996 0.5624165
5597.277 0.5605112
5599.559 0.5586009
5601.841 0.5566849
5604.123 0.5547622
5606.404 0.5528321
5608.687 0.5508938
5610.969 0.5489461
5613.251 0.5469882
5615.534 0.545019
5617.816 0.5430377
5620.099 0.541043
5622.382 0.5390345
5624.665 0.5370111
5626.948 0.5349722
5629.231 0.5329171
5631.514 0.5308455
5633.798 0.5287569
5636.081 0.526651
5638.365 0.5245279
5640.648 0.5223876
5642.932 0.5202302
5645.216 0.518056
5647.500 0.5158654
5649.784 0.5136591
5652.068 0.5114375
5654.352 0.5092015
5656.637 0.5069517
5658.922 0.5046891
5661.206 0.5024145
5663.491 0.5001289
5665.776 0.4978331
5668.062 0.4955283
5670.346 0.4932153
5672.632 0.490895
5674.917 0.4885683
5677.202 0.4862359
5679.488 0.4838988
5681.773 0.4815576
5684.059 0.4792129
5686.345 0.4768654
5688.631 0.4745153
5690.917 0.4721633
5693.203 0.4698097
5695.490 0.4674546
5697.776 0.4650983
5700.062 0.4627408
5702.349 0.4603822
5704.636 0.4580224
5706.922 0.4556614
5709.209 0.4532989
5711.497 0.4509346
5713.784 0.4485686
5716.071 0.4462002
5718.358 0.4438294
5720.646 0.4414558
5722.933 0.439079
5725.221 0.4366989
5727.509 0.4343149
5729.797 0.4319269
5732.084 0.4295347
5734.373 0.4271379
5736.661 0.4247364
5738.949 0.4223301
5741.238 0.4199187
5743.526 0.4175023
5745.815 0.4150808
5748.104 0.4126541
5750.392 0.4102222
5752.681 0.4077852
5754.970 0.4053432
5757.260 0.4028962
5759.549 0.4004444
5761.838 0.3979878
5764.128 0.3955269
5766.417 0.3930615
5768.707 0.3905921
5770.997 0.3881188
5773.287 0.3856421
5775.577 0.3831621
5777.867 0.3806794
5780.157 0.3781944
5782.447 0.3757075
5784.738 0.3732192
5787.028 0.3707301
5789.319 0.3682408
5791.609 0.365752
5793.900 0.3632643
5796.191 0.3607784
5798.483 0.358295
5800.773 0.3558147
5803.065 0.3533383
5805.356 0.3508664
5807.648 0.3483997
5809.940 0.3459387
5812.231 0.3434837
5814.523 0.3410354
5816.815 0.3385939
5819.108 0.3361596
5821.400 0.3337324
5823.692 0.3313125
5825.984 0.3288997
5828.276 0.326494
5830.569 0.3240949
5832.862 0.3217021
5835.154 0.3193151
5837.448 0.3169336
5839.741 0.3145568
5842.034 0.3121844
5844.327 0.3098157
5846.620 0.3074501
5848.914 0.3050872
5851.207 0.3027265
5853.500 0.3003675
5855.794 0.2980099
5858.088 0.2956535
5860.382 0.2932981
5862.676 0.2909437
5864.971 0.2885902
5867.265 0.2862378
5869.559 0.2838867
5871.854 0.2815373
5874.149 0.2791899
5876.443 0.2768451
5878.738 0.2745034
5881.033 0.2721652
5883.328 0.2698314
5885.623 0.2675024
5887.918 0.2651789
5890.213 0.2628616
5892.509 0.2605509
5894.804 0.2582475
5897.100 0.2559518
5899.395 0.2536643
5901.691 0.2513853
5903.987 0.249115
5906.283 0.2468539
5908.579 0.2446019
5910.875 0.2423592
5913.172 0.2401257
5915.468 0.2379016
5917.765 0.2356865
5920.061 0.2334805
5922.358 0.2312834
5924.655 0.2290948
5926.952 0.2269147
5929.249 0.2247429
5931.546 0.2225791
5933.843 0.2204232
5936.141 0.218275
5938.438 0.2161345
5940.736 0.2140017
5943.033 0.2118764
5945.331 0.2097587
5947.629 0.2076488
5949.927 0.2055468
5952.225 0.2034529
5954.523 0.2013673
5956.822 0.1992903
5959.120 0.1972224
5961.418 0.1951638
5963.718 0.1931149
5966.016 0.1910762
5968.315 0.189048
5970.614 0.1870308
5972.913 0.1850249
5975.212 0.1830307
5977.511 0.1810485
5979.811 0.1790787
5982.110 0.1771217
5984.410 0.1751776
5986.709 0.1732466
5989.009 0.171329
5991.309 0.1694249
5993.609 0.1675343
5995.909 0.1656573
5998.209 0.163794
6000.510 0.1619444
6002.809 0.1601084
6005.110 0.158286
6007.411 0.156477
6009.711 0.1546815
6012.012 0.1528994
6014.314 0.1511304
6016.615 0.1493747
6018.916 0.147632
6021.217 0.1459023
6023.519 0.1441855
6025.820 0.1424815
6028.121 0.1407903
6030.423 0.1391119
6032.725 0.1374462
6035.026 0.1357932
6037.328 0.1341529
6039.630 0.1325254
6041.932 0.1309104
6044.235 0.1293082
6046.537 0.1277187
6048.840 0.126142
6051.142 0.1245779
6053.445 0.1230266
6055.748 0.121488
6058.051 0.1199621
6060.353 0.1184488
6062.656 0.1169482
6064.960 0.1154603
6067.263 0.1139849
6069.566 0.1125221
6071.870 0.1110717
6074.173 0.1096338
6076.476 0.1082082
6078.781 0.106795
6081.085 0.105394
6083.388 0.1040052
6085.692 0.1026285
6087.996 0.1012639
6090.301 0.09991135
6092.605 0.09857079
6094.910 0.09724216
6097.214 0.09592545
6099.520 0.09462061
6101.824 0.09332763
6104.129 0.09204646
6106.434 0.09077711
6108.739 0.08951955
6111.044 0.08827376
6113.350 0.08703972
6115.655 0.08581742
6117.961 0.08460683
6120.266 0.08340792
6122.572 0.08222067
6124.878 0.08104506
6127.184 0.07988104
6129.490 0.07872857
6131.796 0.0775876
6134.102 0.07645808
6136.408 0.07533994
6138.715 0.07423311
6141.021 0.07313752
6143.328 0.07205309
6145.634 0.07097971
6147.941 0.06991732
6150.248 0.06886582
6152.555 0.0678251
6154.862 0.06679507
6157.169 0.06577563
6159.477 0.06476668
6161.784 0.06376812
6164.092 0.06277987
6166.399 0.06180182
6168.707 0.06083389
6171.015 0.05987601
6173.323 0.0589281
6175.630 0.05799011
6177.939 0.05706197
6180.247 0.05614364
6182.556 0.05523508
6184.864 0.05433626
6187.172 0.05344716
6189.481 0.05256776
6191.790 0.05169806
6194.099 0.05083806
6196.407 0.04998777
6198.716 0.0491472
6201.025 0.04831635
6203.334 0.04749526
6205.644 0.04668394
6207.953 0.04588243
6210.263 0.04509072
6212.573 0.04430886
6214.882 0.04353685
6217.192 0.04277471
6219.502 0.04202246
6221.812 0.04128011
6224.122 0.04054766
6226.432 0.03982511
6228.743 0.03911247
6231.053 0.03840972
6233.364 0.03771686
6235.674 0.03703388
6237.985 0.03636075
6240.295 0.03569745
6242.607 0.03504396
6244.918 0.03440025
6247.229 0.03376628
6249.540 0.03314201
6251.851 0.03252741
6254.163 0.03192243
6256.474 0.03132702
6258.786 0.03074113
6261.097 0.03016471
6263.409 0.02959768
6265.721 0.02903997
6268.033 0.02849152
6270.345 0.02795223
6272.657 0.02742202
6274.969 0.02690079
6277.282 0.02638843
6279.595 0.02588483
6281.907 0.02538987
6284.220 0.02490341
6286.533 0.02442534
6288.846 0.0239555
6291.158 0.02349375
6293.472 0.02303995
6295.785 0.02259394
6298.098 0.02215557
6300.411 0.0217247
6302.725 0.02130117
6305.038 0.02088484
6307.352 0.02047558
6309.666 0.02007324
6311.980 0.01967771
6314.294 0.01928886
6316.608 0.01890658
6318.922 0.01853078
6321.237 0.01816136
6323.551 0.01779823
6325.865 0.01744133
6328.180 0.01709058
6330.494 0.01674591
6332.809 0.01640728
6335.125 0.01607461
6337.439 0.01574786
6339.754 0.01542697
6342.070 0.01511187
6344.385 0.01480252
6346.700 0.01449884
6349.016 0.01420075
6351.331 0.01390819
6353.647 0.01362106
6355.963 0.01333927
6358.278 0.01306273
6360.594 0.01279133
6362.910 0.01252495
6365.226 0.01226349
6367.543 0.01200682
6369.859 0.01175482
6372.175 0.01150738
6374.492 0.01126436
6376.808 0.01102565
6379.125 0.01079114
6381.442 0.01056071
6383.759 0.01033426
6386.076 0.01011168
6388.393 0.009892901
6390.710 0.009677825
6393.028 0.009466382
6395.345 0.009258505
6397.663 0.009054137
6399.980 0.008853231
6402.298 0.008655746
6404.615 0.008461648
6406.934 0.008270912
6409.252 0.00808352
6411.570 0.007899459
6413.888 0.007718719
6416.206 0.007541299
6418.525 0.007367199
6420.843 0.007196423
6423.162 0.007028974
6425.480 0.00686486
6427.799 0.006704086
6430.118 0.006546659
6432.437 0.006392582
6434.756 0.006241858
6437.075 0.006094485
6439.395 0.005950457
6441.714 0.005809765
6444.033 0.005672391
6446.353 0.005538314
6448.672 0.005407503
6450.992 0.005279923
6453.312 0.005155529
6455.632 0.00503427
6457.952 0.004916085
6460.272 0.004800908
6462.592 0.004688667
6464.912 0.00457928
6467.233 0.004472665
6469.553 0.004368731
6471.874 0.004267389
6474.194 0.004168545
6476.516 0.004072108
6478.836 0.003977987
6481.157 0.003886093
6483.478 0.003796345
6485.800 0.003708663
6488.121 0.00362298
6490.442 0.00353923
6492.764 0.003457362
6495.085 0.00337733
6497.407 0.003299098
6499.728 0.003222639
6502.050 0.003147936
6504.373 0.003074978
6506.694 0.00300376
6509.017 0.002934283
6511.339 0.002866552
6513.661 0.002800574
6515.983 0.002736356
6518.306 0.002673906
6520.629 0.002613227
6522.951 0.002554318
6525.274 0.002497176
6527.597 0.002441788
6529.920 0.002388138
6532.243 0.002336202
6534.566 0.002285949
6536.890 0.002237345
6539.213 0.002190348
6541.536 0.002144917
6543.860 0.002101006
6546.183 0.00205857
6548.507 0.002017567
6550.831 0.001977961
6553.155 0.001939718
6555.479 0.001902818
6557.803 0.001867245
6560.128 0.001833
6562.452 0.001800094
6564.776 0.00176855
6567.101 0.001738407
6569.425 0.001709716
6571.750 0.001682538
6574.075 0.001656948
6576.400 0.001633028
6578.724 0.001610869
6581.050 0.001590563
6583.375 0.001572208
6585.700 0.001555898
6588.026 0.001541724
6590.351 0.001529769
6592.676 0.001520109
6595.002 0.001512807
6597.328 0.00150791
6599.654 0.001505453
