3655.060 0.0002704316
3657.234 0.0006628413
3659.408 0.001152858
3661.581 0.001740151
3663.756 0.002424328
3665.930 0.003204929
3668.105 0.004081431
3670.280 0.00505325
3672.454 0.006119738
3674.629 0.007280187
3676.805 0.008533826
3678.979 0.009879828
3681.155 0.01131731
3683.330 0.01284532
3685.506 0.01446286
3687.682 0.01616888
3689.858 0.01796228
3692.034 0.01984188
3694.210 0.0218065
3696.386 0.02385486
3698.563 0.02598568
3700.739 0.02819759
3702.916 0.03048921
3705.092 0.03285911
3707.269 0.03530582
3709.447 0.03782782
3711.624 0.04042357
3713.802 0.04309149
3715.979 0.04582998
3718.156 0.04863739
3720.334 0.05151205
3722.513 0.05445228
3724.691 0.05745635
3726.869 0.06052254
3729.047 0.06364908
3731.226 0.0668342
3733.405 0.07007611
3735.583 0.073373
3737.762 0.07672307
3739.941 0.08012448
3742.120 0.08357542
3744.300 0.08707404
3746.479 0.09061852
3748.659 0.09420701
3750.839 0.09783769
3753.018 0.1015087
3755.198 0.1052183
3757.379 0.1089645
3759.559 0.1127456
3761.739 0.1165598
3763.920 0.1204054
3766.100 0.1242804
3768.282 0.1281832
3770.463 0.132112
3772.644 0.136065
3774.825 0.1400407
3777.006 0.1440372
3779.188 0.1480529
3781.370 0.1520861
3783.551 0.1561354
3785.733 0.1601989
3787.915 0.1642753
3790.097 0.1683628
3792.280 0.1724601
3794.463 0.1765657
3796.645 0.180678
3798.828 0.1847957
3801.010 0.1889173
3803.193 0.1930415
3805.377 0.1971669
3807.560 0.2012923
3809.744 0.2054164
3811.927 0.2095379
3814.111 0.2136557
3816.295 0.2177685
3818.479 0.2218752
3820.663 0.2259748
3822.847 0.230066
3825.031 0.234148
3827.216 0.2382195
3829.401 0.2422798
3831.586 0.2463278
3833.770 0.2503626
3835.956 0.2543832
3838.141 0.2583889
3840.326 0.2623789
3842.512 0.2663522
3844.697 0.2703082
3846.883 0.274246
3849.069 0.278165
3851.255 0.2820645
3853.441 0.2859438
3855.627 0.2898024
3857.814 0.2936395
3860.000 0.2974545
3862.187 0.301247
3864.374 0.3050164
3866.561 0.3087622
3868.748 0.3124838
3870.935 0.3161809
3873.123 0.3198529
3875.310 0.3234996
3877.498 0.3271203
3879.686 0.3307149
3881.874 0.3342828
3884.062 0.3378238
3886.250 0.3413375
3888.438 0.3448237
3890.627 0.3482819
3892.815 0.351712
3895.004 0.3551137
3897.193 0.3584868
3899.382 0.3618309
3901.571 0.3651461
3903.760 0.3684319
3905.950 0.3716884
3908.139 0.3749152
3910.329 0.3781122
3912.519 0.3812793
3914.709 0.3844164
3916.898 0.3875234
3919.089 0.3906002
3921.280 0.3936467
3923.470 0.3966629
3925.660 0.3996488
3927.851 0.4026042
3930.042 0.4055291
3932.233 0.4084236
3934.424 0.4112876
3936.616 0.4141212
3938.807 0.4169243
3940.999 0.419697
3943.190 0.4224394
3945.382 0.4251516
3947.574 0.4278335
3949.766 0.4304853
3951.958 0.4331071
3954.151 0.4356989
3956.343 0.438261
3958.536 0.4407934
3960.729 0.4432963
3962.922 0.4457699
3965.115 0.4482144
3967.308 0.4506299
3969.501 0.4530166
3971.694 0.4553748
3973.888 0.4577046
3976.082 0.4600063
3978.276 0.4622801
3980.470 0.4645263
3982.664 0.4667451
3984.858 0.4689368
3987.052 0.4711017
3989.247 0.47324
3991.442 0.4753521
3993.636 0.4774383
3995.831 0.4794989
3998.026 0.4815342
4000.222 0.4835445
4002.417 0.4855302
4004.612 0.4874917
4006.808 0.4894291
4009.004 0.491343
4011.199 0.4932336
4013.395 0.4951014
4015.592 0.4969467
4017.788 0.4987698
4019.984 0.5005713
4022.180 0.5023515
4024.377 0.5041106
4026.574 0.5058491
4028.771 0.5075675
4030.968 0.5092661
4033.165 0.5109453
4035.363 0.5126054
4037.560 0.5142468
4039.757 0.51587
4041.955 0.5174754
4044.153 0.5190632
4046.351 0.5206341
4048.549 0.5221881
4050.747 0.5237257
4052.946 0.5252475
4055.144 0.5267537
4057.343 0.5282445
4059.542 0.5297205
4061.741 0.5311819
4063.940 0.5326291
4066.139 0.5340624
4068.338 0.5354822
4070.537 0.5368887
4072.737 0.5382823
4074.937 0.5396633
4077.137 0.541032
4079.337 0.5423886
4081.537 0.5437334
4083.737 0.5450667
4085.937 0.5463887
4088.138 0.5476998
4090.338 0.5490001
4092.539 0.5502899
4094.740 0.5515693
4096.941 0.5528386
4099.142 0.5540979
4101.343 0.5553474
4103.545 0.5565874
4105.746 0.5578179
4107.948 0.5590391
4110.150 0.5602512
4112.352 0.5614542
4114.554 0.5626483
4116.756 0.5638336
4118.959 0.5650101
4121.161 0.566178
4123.364 0.5673372
4125.566 0.5684879
4127.769 0.5696301
4129.972 0.5707638
4132.175 0.5718892
4134.379 0.5730061
4136.582 0.5741146
4138.785 0.5752147
4140.989 0.5763065
4143.193 0.5773897
4145.396 0.5784644
4147.601 0.5795307
4149.805 0.5805883
4152.009 0.5816375
4154.214 0.582678
4156.418 0.5837098
4158.623 0.5847328
4160.828 0.585747
4163.033 0.5867524
4165.238 0.5877486
4167.443 0.5887359
4169.648 0.589714
4171.854 0.5906827
4174.059 0.5916421
4176.265 0.5925921
4178.471 0.5935324
4180.677 0.5944631
4182.883 0.5953841
4185.089 0.5962951
4187.296 0.5971962
4189.502 0.5980872
4191.709 0.598968
4193.915 0.5998384
4196.123 0.6006985
4198.330 0.6015481
4200.537 0.6023871
4202.744 0.6032154
4204.952 0.6040329
4207.159 0.6048394
4209.367 0.6056349
4211.575 0.6064193
4213.783 0.6071926
4215.991 0.6079546
4218.199 0.6087052
4220.407 0.6094444
4222.616 0.610172
4224.824 0.6108881
4227.034 0.6115925
4229.242 0.6122851
4231.451 0.6129658
4233.660 0.6136347
4235.869 0.6142916
4238.079 0.6149366
4240.288 0.6155695
4242.498 0.6161903
4244.708 0.6167991
4246.918 0.6173956
4249.128 0.61798
4251.338 0.6185522
4253.548 0.6191121
4255.759 0.6196598
4257.969 0.6201952
4260.180 0.6207182
4262.391 0.6212291
4264.602 0.6217277
4266.813 0.6222141
4269.024 0.6226882
4271.235 0.6231502
4273.447 0.6235999
4275.658 0.6240376
4277.870 0.6244631
4280.082 0.6248765
4282.294 0.6252779
4284.506 0.6256673
4286.718 0.6260448
4288.930 0.6264104
4291.143 0.6267641
4293.356 0.627106
4295.569 0.6274362
4297.781 0.6277548
4299.995 0.6280618
4302.208 0.6283572
4304.421 0.6286411
4306.634 0.6289136
4308.847 0.6291748
4311.062 0.6294247
4313.275 0.6296634
4315.489 0.629891
4317.703 0.6301075
4319.917 0.6303131
4322.131 0.6305078
4324.346 0.6306918
4326.560 0.630865
4328.775 0.6310276
4330.990 0.6311796
4333.205 0.6313213
4335.420 0.6314525
4337.635 0.6315734
4339.850 0.6316841
4342.066 0.6317846
4344.281 0.631875
4346.497 0.6319555
4348.713 0.6320261
4350.929 0.6320868
4353.145 0.6321377
4355.361 0.632179
4357.578 0.6322106
4359.794 0.6322325
4362.010 0.632245
4364.228 0.632248
4366.445 0.6322416
4368.661 0.6322259
4370.879 0.6322008
4373.096 0.6321666
4375.313 0.6321231
4377.531 0.6320705
4379.748 0.6320088
4381.966 0.631938
4384.184 0.6318581
4386.402 0.6317693
4388.620 0.6316714
4390.838 0.6315645
4393.057 0.6314487
4395.275 0.6313241
4397.494 0.6311904
4399.713 0.6310478
4401.932 0.6308962
4404.151 0.6307356
4406.370 0.6305662
4408.589 0.6303877
4410.808 0.6302003
4413.028 0.6300038
4415.247 0.6297982
4417.467 0.6295835
4419.688 0.6293596
4421.907 0.6291265
4424.128 0.6288841
4426.348 0.6286325
4428.568 0.6283714
4430.789 0.6281009
4433.009 0.6278208
4435.230 0.6275312
4437.451 0.6272318
4439.672 0.6269226
4441.893 0.6266036
4444.115 0.6262746
4446.336 0.6259356
4448.557 0.6255863
4450.779 0.6252268
4453.001 0.6248568
4455.223 0.6244764
4457.445 0.6240852
4459.667 0.6236833
4461.890 0.6232705
4464.112 0.6228465
4466.335 0.6224114
4468.557 0.6219651
4470.780 0.6215071
4473.003 0.6210376
4475.226 0.6205562
4477.450 0.6200629
4479.673 0.6195575
4481.896 0.6190398
4484.120 0.6185097
4486.343 0.6179668
4488.567 0.6174113
4490.791 0.6168427
4493.015 0.6162611
4495.240 0.6156661
4497.464 0.6150576
4499.688 0.6144354
4501.913 0.6137993
4504.138 0.6131491
4506.362 0.6124847
4508.587 0.6118059
4510.812 0.6111124
4513.037 0.6104042
4515.263 0.609681
4517.489 0.6089426
4519.714 0.608189
4521.940 0.6074197
4524.166 0.6066348
4526.392 0.6058339
4528.618 0.6050169
4530.844 0.6041836
4533.070 0.6033339
4535.297 0.6024675
4537.523 0.6015843
4539.750 0.6006841
4541.977 0.5997667
4544.204 0.598832
4546.431 0.5978798
4548.658 0.5969099
4550.885 0.5959222
4553.113 0.5949166
4555.341 0.5938928
4557.568 0.5928506
4559.796 0.5917901
4562.024 0.590711
4564.252 0.5896132
4566.480 0.5884966
4568.708 0.587361
4570.937 0.5862062
4573.166 0.5850323
4575.395 0.5838391
4577.624 0.5826263
4579.852 0.5813941
4582.081 0.5801421
4584.311 0.5788705
4586.540 0.5775789
4588.769 0.5762674
4590.999 0.5749359
4593.228 0.5735843
4595.458 0.5722126
4597.689 0.5708206
4599.919 0.5694084
4602.149 0.5679758
4604.379 0.5665228
4606.609 0.5650496
4608.840 0.5635559
4611.071 0.5620418
4613.301 0.5605072
4615.532 0.5589521
4617.764 0.5573766
4619.995 0.5557806
4622.226 0.5541642
4624.458 0.5525274
4626.689 0.5508702
4628.921 0.5491927
4631.153 0.547495
4633.384 0.5457771
4635.616 0.544039
4637.849 0.5422807
4640.081 0.5405025
4642.314 0.5387043
4644.546 0.5368862
4646.779 0.5350484
4649.012 0.5331908
4651.245 0.5313138
4653.477 0.5294173
4655.711 0.5275015
4657.944 0.5255665
4660.178 0.5236124
4662.411 0.5216394
4664.645 0.5196477
4666.879 0.5176374
4669.113 0.5156085
4671.346 0.5135615
4673.581 0.5114963
4675.815 0.5094132
4678.049 0.5073123
4680.284 0.5051939
4682.519 0.5030583
4684.754 0.5009054
4686.989 0.4987356
4689.223 0.4965492
4691.458 0.4943463
4693.694 0.4921272
4695.929 0.489892
4698.164 0.4876412
4700.400 0.4853748
4702.636 0.4830932
4704.872 0.4807966
4707.108 0.4784853
4709.344 0.4761597
4711.580 0.4738199
4713.817 0.4714663
4716.053 0.469099
4718.289 0.4667186
4720.526 0.4643251
4722.763 0.461919
4725.000 0.4595006
4727.237 0.4570701
4729.474 0.4546278
4731.712 0.452174
4733.950 0.4497092
4736.187 0.4472335
4738.425 0.4447474
4740.663 0.4422512
4742.900 0.4397451
4745.139 0.4372296
4747.377 0.4347048
4749.615 0.4321712
4751.853 0.4296291
4754.092 0.4270789
4756.331 0.4245209
4758.570 0.4219553
4760.809 0.4193828
4763.047 0.4168034
4765.287 0.4142177
4767.526 0.4116258
4769.765 0.4090284
4772.005 0.4064255
4774.244 0.4038177
4776.484 0.4012052
4778.724 0.3985886
4780.965 0.395968
4783.205 0.393344
4785.445 0.3907167
4787.685 0.3880866
4789.926 0.3854541
4792.166 0.3828194
4794.407 0.380183
4796.648 0.3775451
4798.889 0.3749062
4801.130 0.3722665
4803.371 0.3696264
4805.613 0.3669862
4807.854 0.3643464
4810.096 0.3617071
4812.338 0.3590686
4814.579 0.3564315
4816.821 0.3537959
4819.063 0.3511621
4821.306 0.3485305
4823.548 0.3459014
4825.790 0.3432751
4828.033 0.3406519
4830.276 0.3380321
4832.519 0.335416
4834.761 0.3328039
4837.004 0.3301961
4839.248 0.3275929
4841.491 0.3249946
4843.734 0.3224013
4845.978 0.3198135
4848.221 0.3172314
4850.465 0.3146552
4852.709 0.3120852
4854.953 0.3095216
4857.198 0.3069646
4859.442 0.3044146
4861.686 0.3018717
4863.930 0.2993363
4866.175 0.2968084
4868.420 0.2942883
4870.664 0.2917762
4872.910 0.2892724
4875.154 0.286777
4877.400 0.2842903
4879.645 0.2818123
4881.891 0.2793434
4884.136 0.2768836
4886.382 0.2744332
4888.628 0.2719923
4890.874 0.269561
4893.120 0.2671395
4895.366 0.264728
4897.612 0.2623267
4899.858 0.2599356
4902.105 0.2575548
4904.352 0.2551846
4906.599 0.2528251
4908.846 0.2504763
4911.093 0.2481383
4913.340 0.2458114
4915.587 0.2434955
4917.834 0.2411908
4920.082 0.2388973
4922.329 0.2366152
4924.577 0.2343446
4926.825 0.2320854
4929.073 0.2298379
4931.321 0.227602
4933.569 0.2253778
4935.818 0.2231654
4938.066 0.2209649
4940.315 0.2187762
4942.563 0.2165995
4944.812 0.2144347
4947.061 0.2122819
4949.310 0.2101413
4951.559 0.2080127
4953.808 0.2058962
4956.057 0.2037919
4958.307 0.2016997
4960.557 0.1996197
4962.807 0.1975519
4965.057 0.1954964
4967.307 0.1934531
4969.557 0.1914221
4971.807 0.1894034
4974.057 0.1873969
4976.308 0.1854028
4978.558 0.183421
4980.809 0.1814515
4983.059 0.1794944
4985.310 0.1775495
4987.561 0.1756169
4989.813 0.1736967
4992.064 0.1717888
4994.316 0.1698932
4996.567 0.1680098
4998.819 0.1661388
5001.071 0.16428
5003.322 0.1624335
5005.574 0.1605992
5007.826 0.1587772
5010.078 0.1569674
5012.331 0.1551699
5014.583 0.1533846
5016.836 0.1516115
5019.089 0.1498507
5021.342 0.148102
5023.595 0.1463655
5025.848 0.1446413
5028.101 0.1429292
5030.354 0.1412293
5032.607 0.1395416
5034.861 0.137866
5037.115 0.1362026
5039.368 0.1345513
5041.622 0.1329121
5043.876 0.1312851
5046.130 0.1296703
5048.385 0.1280675
5050.639 0.1264769
5052.893 0.1248984
5055.148 0.123332
5057.403 0.1217777
5059.658 0.1202355
5061.913 0.1187054
5064.167 0.1171874
5066.423 0.1156815
5068.678 0.1141877
5070.933 0.1127059
5073.189 0.1112362
5075.444 0.1097786
5077.700 0.108333
5079.956 0.1068995
5082.212 0.105478
5084.468 0.1040686
5086.725 0.1026713
5088.981 0.1012859
5091.237 0.09991257
5093.494 0.09855126
5095.750 0.09720197
5098.007 0.09586468
5100.264 0.09453937
5102.521 0.09322607
5104.778 0.09192474
5107.036 0.09063538
5109.293 0.08935799
5111.551 0.08809256
5113.808 0.08683906
5116.066 0.0855975
5118.324 0.08436786
5120.582 0.08315012
5122.839 0.08194427
5125.098 0.08075032
5127.356 0.07956822
5129.614 0.07839798
5131.873 0.07723957
5134.132 0.076093
5136.391 0.07495822
5138.650 0.07383522
5140.909 0.072724
5143.168 0.07162452
5145.427 0.07053677
5147.686 0.06946073
5149.946 0.06839637
5152.205 0.06734367
5154.465 0.0663026
5156.725 0.06527315
5158.985 0.0642553
5161.245 0.063249
5163.505 0.06225424
5165.766 0.06127098
5168.026 0.0602992
5170.286 0.05933885
5172.547 0.05838992
5174.808 0.05745237
5177.068 0.05652617
5179.330 0.05561127
5181.591 0.05470765
5183.852 0.05381527
5186.113 0.05293409
5188.375 0.05206407
5190.636 0.05120517
5192.898 0.05035734
5195.159 0.04952056
5197.421 0.04869479
5199.683 0.04787996
5201.945 0.04707606
5204.208 0.04628303
5206.470 0.04550083
5208.733 0.04472939
5210.995 0.04396869
5213.258 0.04321866
5215.521 0.04247927
5217.784 0.04175045
5220.047 0.04103217
5222.310 0.04032436
5224.573 0.03962698
5226.837 0.03893998
5229.100 0.03826329
5231.364 0.03759688
5233.628 0.03694067
5235.892 0.03629462
5238.156 0.03565867
5240.420 0.03503276
5242.684 0.03441684
5244.948 0.03381084
5247.213 0.0332147
5249.477 0.03262837
5251.741 0.03205179
5254.006 0.03148489
5256.271 0.0309276
5258.536 0.03037988
5260.801 0.02984164
5263.066 0.02931284
5265.331 0.02879341
5267.597 0.02828327
5269.863 0.02778236
5272.128 0.02729062
5274.394 0.02680798
5276.660 0.02633436
5278.926 0.0258697
5281.193 0.02541394
5283.459 0.024967
5285.725 0.0245288
5287.991 0.02409928
5290.258 0.02367836
5292.525 0.02326598
5294.792 0.02286206
5297.059 0.02246652
5299.326 0.0220793
5301.592 0.02170032
5303.860 0.02132951
5306.127 0.02096678
5308.395 0.02061206
5310.663 0.02026527
5312.930 0.01992634
5315.198 0.01959519
5317.466 0.01927175
5319.734 0.01895592
5322.003 0.01864764
5324.271 0.01834681
5326.539 0.01805337
5328.807 0.01776723
5331.076 0.01748831
5333.345 0.01721653
5335.613 0.01695181
5337.883 0.01669406
5340.151 0.0164432
5342.421 0.01619915
5344.690 0.01596183
5346.959 0.01573114
5349.229 0.01550702
5351.498 0.01528936
5353.768 0.01507809
5356.038 0.01487312
5358.308 0.01467437
5360.579 0.01448175
5362.849 0.01429518
5365.119 0.01411456
5367.390 0.01393981
5369.660 0.01377084
5371.931 0.01360756
5374.202 0.01344989
5376.472 0.01329774
5378.743 0.01315102
5381.014 0.01300964
5383.286 0.01287352
5385.557 0.01274256
5387.828 0.01261667
5390.100 0.01249577
5392.372 0.01237976
5394.644 0.01226855
5396.916 0.01216206
5399.188 0.0120602
5401.460 0.01196286
5403.732 0.01186997
5406.004 0.01178143
5408.276 0.01169714
5410.549 0.01161703
5412.822 0.01154099
5415.095 0.01146894
5417.368 0.01140078
5419.641 0.01133642
5421.913 0.01127578
5424.187 0.01121875
5426.460 0.01116525
5428.734 0.01111518
5431.007 0.01106845
5433.281 0.01102498
5435.554 0.01098466
5437.828 0.01094742
5440.103 0.01091315
5442.377 0.01088176
5444.651 0.01085316
5446.925 0.01082726
5449.200 0.01080397
5451.475 0.0107832
5453.749 0.01076485
5456.024 0.01074884
5458.299 0.01073506
5460.574 0.01072344
5462.849 0.01071388
5465.124 0.01070628
5467.399 0.01070057
5469.675 0.01069665
5471.951 0.01069442
5474.226 0.01069381
5476.502 0.01069472
5478.777 0.01069707
5481.053 0.01070076
5483.331 0.01070571
5485.607 0.01071183
5487.883 0.01071903
5490.159 0.01072724
5492.436 0.01073635
5494.713 0.0107463
5496.989 0.01075699
5499.266 0.01076835
5501.543 0.01078028
5503.820 0.01079271
5506.097 0.01080555
5508.375 0.01081873
5510.652 0.01083217
5512.930 0.01084579
5515.208 0.01085951
5517.485 0.01087326
5519.763 0.01088696
5522.041 0.01090053
5524.319 0.01091391
5526.597 0.01092702
5528.876 0.01093979
5531.154 0.01095216
5533.433 0.01096404
5535.711 0.01097539
5537.990 0.01098613
5540.269 0.0109962
5542.548 0.01100553
5544.827 0.01101407
5547.106 0.01102176
5549.386 0.01102853
5551.666 0.01103434
5553.945 0.01103912
5556.224 0.01104283
5558.504 0.01104541
5560.784 0.01104682
5563.064 0.011047
5565.344 0.01104591
5567.625 0.01104351
5569.905 0.01103975
5572.185 0.01103458
5574.465 0.01102799
5576.746 0.01101991
5579.027 0.01101033
5581.307 0.01099921
5583.589 0.01098651
5585.870 0.0109722
5588.151 0.01095627
5590.433 0.01093868
5592.714 0.01091941
5594.996 0.01089843
5597.277 0.01087574
5599.559 0.0108513
5601.841 0.01082511
5604.123 0.01079715
5606.404 0.01076741
5608.687 0.01073588
5610.969 0.01070255
5613.251 0.01066742
5615.534 0.01063047
5617.816 0.01059172
5620.099 0.01055115
5622.382 0.01050877
5624.665 0.01046459
5626.948 0.01041861
5629.231 0.01037083
5631.514 0.01032126
5633.798 0.01026993
5636.081 0.01021683
5638.365 0.01016198
5640.648 0.0101054
5642.932 0.0100471
5645.216 0.009987112
5647.500 0.009925446
5649.784 0.009862125
5652.068 0.009797174
5654.352 0.009730618
5656.637 0.009662482
5658.922 0.009592795
5661.206 0.009521585
5663.491 0.009448884
5665.776 0.009374721
5668.062 0.009299131
5670.346 0.009222146
5672.632 0.009143802
5674.917 0.009064134
5677.202 0.00898318
5679.488 0.008900978
5681.773 0.008817566
5684.059 0.008732984
5686.345 0.008647271
5688.631 0.008560471
5690.917 0.008472624
5693.203 0.008383773
5695.490 0.00829396
5697.776 0.00820323
5700.062 0.008111625
5702.349 0.00801919
5704.636 0.007925971
5706.922 0.007832012
5709.209 0.007737359
5711.497 0.007642056
5713.784 0.00754615
5716.071 0.007449687
5718.358 0.007352713
5720.646 0.007255273
5722.933 0.007157415
5725.221 0.007059184
5727.509 0.006960626
5729.797 0.006861785
5732.084 0.006762709
5734.373 0.006663441
5736.661 0.006564026
5738.949 0.00646451
5741.238 0.006364936
5743.526 0.006265349
5745.815 0.00616579
5748.104 0.006066304
5750.392 0.005966932
5752.681 0.005867716
5754.970 0.005768697
5757.260 0.005669916
5759.549 0.005571411
5761.838 0.005473224
5764.128 0.005375392
5766.417 0.005277952
5768.707 0.005180942
5770.997 0.005084397
5773.287 0.004988355
5775.577 0.004892848
5777.867 0.004797909
5780.157 0.004703573
5782.447 0.004609872
5784.738 0.004516834
5787.028 0.004424493
5789.319 0.004332875
5791.609 0.004242009
5793.900 0.004151923
5796.191 0.004062642
5798.483 0.003974193
5800.773 0.003886599
5803.065 0.003799884
5805.356 0.00371407
5807.648 0.003629179
5809.940 0.003545232
5812.231 0.003462246
5814.523 0.003380242
5816.815 0.003299236
5819.108 0.003219245
5821.400 0.003140284
5823.692 0.003062367
5825.984 0.00298551
5828.276 0.002909724
5830.569 0.002835021
5832.862 0.002761412
5835.154 0.002688908
5837.448 0.002617516
5839.741 0.002547246
5842.034 0.002478104
5844.327 0.002410098
5846.620 0.002343232
5848.914 0.002277512
5851.207 0.002212941
5853.500 0.002149524
5855.794 0.002087262
5858.088 0.002026158
5860.382 0.001966212
5862.676 0.001907426
5864.971 0.001849798
5867.265 0.001793328
5869.559 0.001738015
5871.854 0.001683857
5874.149 0.00163085
5876.443 0.001578992
5878.738 0.001528279
5881.033 0.001478707
5883.328 0.001430271
5885.623 0.001382966
5887.918 0.001336787
5890.213 0.001291728
5892.509 0.001247783
5894.804 0.001204944
5897.100 0.001163205
5899.395 0.00112256
5901.691 0.001083
5903.987 0.001044518
5906.283 0.001007105
5908.579 0.0009707548
5910.875 0.000935458
5913.172 0.0009012064
5915.468 0.0008679917
5917.765 0.0008358051
5920.061 0.000804638
5922.358 0.0007744819
5924.655 0.0007453279
5926.952 0.0007171675
5929.249 0.0006899917
5931.546 0.0006637922
5933.843 0.0006385602
5936.141 0.0006142873
5938.438 0.0005909653
5940.736 0.0005685856
5943.033 0.0005471403
5945.331 0.0005266214
5947.629 0.0005070211
