14340 0.000474073
14345 0.000472639
14350 0.000557968
14355 0.000576209
14360 0.000613071
14365 0.000655537
14370 0.000691017
14375 0.000750839
14380 0.000809095
14385 0.000842104
14390 0.000893789
14395 0.000984065
14400 0.00101397
14405 0.00110787
14410 0.00116713
14415 0.0012304
14420 0.00134713
14425 0.00140207
14430 0.00148052
14435 0.00155147
14440 0.00164127
14445 0.00173961
14450 0.00184345
14455 0.00191512
14460 0.00204497
14465 0.00216773
14470 0.00227338
14475 0.00234328
14480 0.00249664
14485 0.00267263
14490 0.00281658
14495 0.00295934
14500 0.00314768
14505 0.00335688
14510 0.00356299
14515 0.00384528
14520 0.00406754
14525 0.00431849
14530 0.00468143
14535 0.00497263
14540 0.00535993
14545 0.00581055
14550 0.00627005
14555 0.00672593
14560 0.00731052
14565 0.00790879
14570 0.00863656
14575 0.00943442
14580 0.0103021
14585 0.011292
14590 0.0123364
14595 0.0136096
14600 0.0149885
14605 0.016512
14610 0.0184261
14615 0.0202968
14620 0.0225721
14625 0.0250255
14630 0.027965
14635 0.0313203
14640 0.0350212
14645 0.0394779
14650 0.0437291
14655 0.0492614
14660 0.0552502
14665 0.0620097
14670 0.0699223
14675 0.0781281
14680 0.0876914
14685 0.0969809
14690 0.108878
14695 0.121068
14700 0.134098
14705 0.149411
14710 0.163732
14715 0.180028
14720 0.195848
14725 0.213903
14730 0.232084
14735 0.249925
14740 0.269625
14745 0.287209
14750 0.306805
14755 0.325906
14760 0.345612
14765 0.366438
14770 0.385364
14775 0.406129
14780 0.425159
14785 0.446774
14790 0.467765
14795 0.489097
14800 0.51221
14805 0.53309
14810 0.556273
14815 0.578972
14820 0.602969
14825 0.627541
14830 0.651219
14835 0.676368
14840 0.697946
14845 0.722171
14850 0.74482
14855 0.7663
14860 0.788263
14865 0.807107
14870 0.82537
14875 0.840322
14880 0.855126
14885 0.867754
14890 0.878082
14895 0.887031
14900 0.893244
14905 0.898265
14910 0.901418
14915 0.903392
14920 0.903973
14925 0.90348
14930 0.902108
14935 0.900245
14940 0.897782
14945 0.895122
14950 0.892246
14955 0.889243
14960 0.886647
14965 0.884194
14970 0.882171
14975 0.880366
14980 0.879048
14985 0.878161
14990 0.877716
14995 0.877791
15000 0.878386
15005 0.879306
15010 0.880803
15015 0.882557
15020 0.884737
15025 0.887284
15030 0.88976
15035 0.892645
15040 0.895636
15045 0.898649
15050 0.901884
15055 0.904829
15060 0.907801
15065 0.910351
15070 0.913002
15075 0.915306
15080 0.917361
15085 0.919177
15090 0.920479
15095 0.921391
15100 0.922143
15105 0.922324
15110 0.922233
15115 0.921734
15120 0.920992
15125 0.919912
15130 0.918493
15135 0.916771
15140 0.914769
15145 0.912472
15150 0.910287
15155 0.907653
15160 0.905315
15165 0.902495
15170 0.899775
15175 0.897052
15180 0.894198
15185 0.891742
15190 0.889142
15195 0.886637
15200 0.884251
15205 0.881928
15210 0.879858
15215 0.877928
15220 0.876358
15225 0.874745
15230 0.873422
15235 0.872382
15240 0.871309
15245 0.870639
15250 0.870176
15255 0.869959
15260 0.869871
15265 0.869952
15270 0.870365
15275 0.870843
15280 0.871554
15285 0.872412
15290 0.873503
15295 0.874737
15300 0.876276
15305 0.877736
15310 0.879447
15315 0.881093
15320 0.883042
15325 0.88507
15330 0.887138
15335 0.889437
15340 0.891512
15345 0.89384
15350 0.895959
15355 0.898379
15360 0.900586
15365 0.902943
15370 0.905218
15375 0.907226
15380 0.909454
15385 0.911397
15390 0.913335
15395 0.915243
15400 0.916926
15405 0.918693
15410 0.92002
15415 0.921435
15420 0.922674
15425 0.923656
15430 0.924625
15435 0.925309
15440 0.925797
15445 0.926238
15450 0.926462
15455 0.926605
15460 0.926583
15465 0.926354
15470 0.926041
15475 0.9255
15480 0.925048
15485 0.924431
15490 0.923572
15495 0.92283
15500 0.921952
15505 0.921103
15510 0.920153
15515 0.919173
15520 0.918299
15525 0.91738
15530 0.916475
15535 0.915723
15540 0.914993
15545 0.914286
15550 0.913691
15555 0.913114
15560 0.91278
15565 0.912473
15570 0.9123
15575 0.912217
15580 0.912283
15585 0.912449
15590 0.912811
15595 0.913184
15600 0.913659
15605 0.914453
15610 0.915159
15615 0.915951
15620 0.916957
15625 0.917973
15630 0.918936
15635 0.920127
15640 0.921266
15645 0.922559
15650 0.923768
15655 0.925056
15660 0.926206
15665 0.927411
15670 0.928547
15675 0.929712
15680 0.930705
15685 0.931698
15690 0.932569
15695 0.933295
15700 0.934016
15705 0.934584
15710 0.935101
15715 0.935512
15720 0.935613
15725 0.93581
15730 0.935692
15735 0.935635
15740 0.935323
15745 0.934936
15750 0.934459
15755 0.933909
15760 0.933235
15765 0.93251
15770 0.931671
15775 0.93078
15780 0.929872
15785 0.928915
15790 0.928047
15795 0.926946
15800 0.925969
15805 0.924975
15810 0.923928
15815 0.923114
15820 0.922177
15825 0.921464
15830 0.920599
15835 0.919912
15840 0.919229
15845 0.918656
15850 0.918139
15855 0.917713
15860 0.917373
15865 0.917117
15870 0.916903
15875 0.916775
15880 0.916741
15885 0.916729
15890 0.916803
15895 0.916832
15900 0.916963
15905 0.917191
15910 0.917323
15915 0.917572
15920 0.917736
15925 0.917897
15930 0.918122
15935 0.918253
15940 0.918428
15945 0.918448
15950 0.918525
15955 0.91849
15960 0.918398
15965 0.918251
15970 0.91808
15975 0.917763
15980 0.917466
15985 0.916965
15990 0.916499
15995 0.915884
16000 0.915146
16005 0.914572
16010 0.913754
16015 0.91296
16020 0.912076
16025 0.911169
16030 0.910235
16035 0.909226
16040 0.908355
16045 0.907372
16050 0.906447
16055 0.905508
16060 0.904608
16065 0.903813
16070 0.902962
16075 0.902327
16080 0.901704
16085 0.90115
16090 0.900743
16095 0.900416
16100 0.900071
16105 0.899997
16110 0.900033
16115 0.900123
16120 0.900313
16125 0.900722
16130 0.901227
16135 0.901733
16140 0.902468
16145 0.903345
16150 0.904261
16155 0.90541
16160 0.906474
16165 0.907692
16170 0.908843
16175 0.910243
16180 0.91164
16185 0.913014
16190 0.914502
16195 0.915953
16200 0.917308
16205 0.918637
16210 0.920017
16215 0.921272
16220 0.922486
16225 0.923571
16230 0.924452
16235 0.925385
16240 0.925944
16245 0.926617
16250 0.926884
16255 0.927203
16260 0.927166
16265 0.927012
16270 0.9267
16275 0.926158
16280 0.925456
16285 0.924438
16290 0.923347
16295 0.922121
16300 0.920596
16305 0.918896
16310 0.917336
16315 0.915283
16320 0.913257
16325 0.911229
16330 0.908894
16335 0.906671
16340 0.904249
16345 0.901802
16350 0.899342
16355 0.896876
16360 0.894719
16365 0.892307
16370 0.889916
16375 0.88772
16380 0.885374
16385 0.883492
16390 0.8816
16395 0.879929
16400 0.87824
16405 0.876751
16410 0.875548
16415 0.8744
16420 0.873608
16425 0.872874
16430 0.872432
16435 0.872206
16440 0.872154
16445 0.872381
16450 0.872833
16455 0.873429
16460 0.874273
16465 0.875378
16470 0.876658
16475 0.878253
16480 0.879762
16485 0.881653
16490 0.883634
16495 0.88588
16500 0.88834
16505 0.890634
16510 0.893439
16515 0.895766
16520 0.898493
16525 0.901332
16530 0.904082
16535 0.907007
16540 0.909668
16545 0.912521
16550 0.914987
16555 0.917653
16560 0.920097
16565 0.922427
16570 0.924687
16575 0.926562
16580 0.928355
16585 0.92982
16590 0.931249
16595 0.932237
16600 0.933038
16605 0.933514
16610 0.933646
16615 0.933565
16620 0.93315
16625 0.93244
16630 0.931386
16635 0.930015
16640 0.928314
16645 0.92652
16650 0.92422
16655 0.921791
16660 0.919012
16665 0.915848
16670 0.912938
16675 0.909512
16680 0.906105
16685 0.902308
16690 0.898395
16695 0.8945
16700 0.890272
16705 0.886603
16710 0.882423
16715 0.87841
16720 0.874374
16725 0.870089
16730 0.866255
16735 0.862336
16740 0.858844
16745 0.854995
16750 0.851443
16755 0.848156
16760 0.844765
16765 0.841993
16770 0.839113
16775 0.836614
16780 0.834169
16785 0.832006
16790 0.830152
16795 0.828394
16800 0.827086
16805 0.825898
16810 0.824986
16815 0.824307
16820 0.82388
16825 0.823768
16830 0.823898
16835 0.824225
16840 0.824867
16845 0.825682
16850 0.826761
16855 0.828165
16860 0.829602
16865 0.831346
16870 0.833297
16875 0.835426
16880 0.837913
16885 0.840277
16890 0.843113
16895 0.845587
16900 0.848662
16905 0.851724
16910 0.854776
16915 0.858193
16920 0.861421
16925 0.86473
16930 0.867835
16935 0.871329
16940 0.874734
16945 0.877971
16950 0.881579
16955 0.884513
16960 0.887785
16965 0.890667
16970 0.893672
16975 0.896654
16980 0.899368
16985 0.902027
16990 0.904231
16995 0.906476
17000 0.908533
17005 0.910517
17010 0.912262
17015 0.913765
17020 0.915065
17025 0.91618
17030 0.917099
17035 0.917963
17040 0.918505
17045 0.919015
17050 0.919159
17055 0.919399
17060 0.919208
17065 0.918988
17070 0.918751
17075 0.918228
17080 0.917659
17085 0.917081
17090 0.916343
17095 0.915558
17100 0.91464
17105 0.913769
17110 0.912868
17115 0.911898
17120 0.911079
17125 0.910027
17130 0.909155
17135 0.908274
17140 0.907361
17145 0.906633
17150 0.905895
17155 0.905212
17160 0.904549
17165 0.903999
17170 0.903557
17175 0.903125
17180 0.902827
17185 0.902634
17190 0.902429
17195 0.902401
17200 0.902413
17205 0.902493
17210 0.902726
17215 0.902897
17220 0.903361
17225 0.903778
17230 0.904125
17235 0.904762
17240 0.905198
17245 0.905887
17250 0.906559
17255 0.907183
17260 0.907991
17265 0.908779
17270 0.909577
17275 0.910308
17280 0.911201
17285 0.911899
17290 0.912683
17295 0.913485
17300 0.914216
17305 0.914988
17310 0.9156
17315 0.916263
17320 0.916889
17325 0.917394
17330 0.917959
17335 0.918311
17340 0.918759
17345 0.919066
17350 0.919339
17355 0.919565
17360 0.919718
17365 0.919831
17370 0.919836
17375 0.919811
17380 0.919612
17385 0.919423
17390 0.919164
17395 0.918865
17400 0.918324
17405 0.917928
17410 0.917265
17415 0.916699
17420 0.915961
17425 0.915145
17430 0.914263
17435 0.913227
17440 0.912388
17445 0.911117
17450 0.909954
17455 0.908745
17460 0.907339
17465 0.906165
17470 0.904542
17475 0.902981
17480 0.901448
17485 0.899685
17490 0.897986
17495 0.896182
17500 0.894519
17505 0.89252
17510 0.890528
17515 0.888599
17520 0.886405
17525 0.884594
17530 0.88258
17535 0.880592
17540 0.878477
17545 0.876336
17550 0.874415
17555 0.87239
17560 0.870494
17565 0.868578
17570 0.866742
17575 0.865073
17580 0.863301
17585 0.861832
17590 0.860474
17595 0.859182
17600 0.857969
17605 0.857002
17610 0.856078
17615 0.855413
17620 0.854868
17625 0.854546
17630 0.85436
17635 0.854309
17640 0.854549
17645 0.85481
17650 0.855351
17655 0.85598
17660 0.856875
17665 0.857871
17670 0.858838
17675 0.860021
17680 0.861218
17685 0.862397
17690 0.863524
17695 0.864665
17700 0.865684
17705 0.866526
17710 0.867049
17715 0.867308
17720 0.867114
17725 0.866491
17730 0.865315
17735 0.863365
17740 0.860902
17745 0.857333
17750 0.853411
17755 0.847908
17760 0.841508
17765 0.833959
17770 0.824619
17775 0.815299
17780 0.803769
17785 0.791552
17790 0.777098
17795 0.761668
17800 0.74497
17805 0.726079
17810 0.70892
17815 0.687885
17820 0.667004
17825 0.644527
17830 0.620506
17835 0.597497
17840 0.572743
17845 0.550532
17850 0.524345
17855 0.499771
17860 0.475261
17865 0.448523
17870 0.425751
17875 0.401579
17880 0.379598
17885 0.355742
17890 0.333534
17895 0.312737
17900 0.291279
17905 0.273117
17910 0.253875
17915 0.236574
17920 0.219509
17925 0.202479
17930 0.188053
17935 0.173507
17940 0.16128
17945 0.148053
17950 0.136422
17955 0.125591
17960 0.114962
17965 0.106181
17970 0.09742
17975 0.0898196
17980 0.0822272
17985 0.0751788
17990 0.0689145
17995 0.06283
18000 0.0579909
18005 0.0528919
18010 0.0484108
18015 0.0442935
18020 0.0403577
18025 0.0368958
18030 0.0336856
18035 0.0310403
18040 0.0283661
18045 0.0259205
18050 0.0237948
18055 0.0216426
18060 0.0199528
18065 0.0182764
18070 0.0168333
18075 0.0153961
18080 0.0141154
18085 0.0129976
18090 0.0118879
18095 0.0110173
18100 0.0101502
18105 0.00934472
18110 0.00857559
18115 0.00790898
18120 0.00729702
18125 0.00674264
18130 0.00625376
18135 0.00577368
18140 0.00536669
18145 0.00492932
18150 0.00459937
18155 0.00423675
18160 0.00392532
18165 0.00367623
18170 0.0034332
18175 0.00314873
18180 0.00296168
18185 0.00274431
18190 0.00258087
18195 0.00237753
18200 0.00221967
18205 0.00207105
18210 0.001911
18215 0.00178882
18220 0.00170486
18225 0.00160381
18230 0.00149291
18235 0.00141955
18240 0.00132832
18245 0.00119918
18250 0.00116908
18255 0.00110591
18260 0.00102772
18265 0.000989891
18270 0.000938444
18275 0.000879547
18280 0.000821317
18285 0.000757248
18290 0.000746092
18295 0.000673139
18300 0.000651317
18305 0.000596151
18310 0.000619228
18315 0.000564785
18320 0.000535083
18325 0.000510673
18330 0.000471561
