  11230.0 3.956655261862606E-4 
  11240.0 8.208169921502645E-4 
  11250.0 9.531086516889582E-4 
  11260.0 9.758132754462386E-4 
  11270.0 0.0011916759792816132
  11280.0 0.0011743854389579056
  11290.0 0.0012822599808179221
  11300.0 0.0013568366699963324
  11310.0 0.0020771151882979766
  11320.0 0.00254877452010951  
  11330.0 0.0024462552579345626
  11340.0 0.0020816599884202775
  11350.0 0.0018948321175961142
  11360.0 0.0027441886481582027
  11370.0 0.003731603712673785 
  11380.0 0.004177768742373369 
  11390.0 0.005077712468838444 
  11400.0 0.005779956116390932 
  11410.0 0.005603848098176469 
  11420.0 0.005855218614152239 
  11430.0 0.00772738250111626  
  11440.0 0.008381155650684887 
  11450.0 0.009182402436396443 
  11460.0 0.010253193018542156 
  11470.0 0.01120706536213404  
  11480.0 0.01441349083385936  
  11490.0 0.016665014453115357 
  11500.0 0.018459910131669664 
  11510.0 0.023771521585968715 
  11520.0 0.026981336923942147 
  11530.0 0.03217456143931314  
  11540.0 0.03852690660219311  
  11550.0 0.04735816235936456  
  11560.0 0.05468524519008664  
  11570.0 0.06927731843192114  
  11580.0 0.08037200828780253  
  11590.0 0.10007839739705296  
  11600.0 0.12035684301356679  
  11610.0 0.15132094359055484  
  11620.0 0.18149161697608876  
  11630.0 0.22558640738336933  
  11640.0 0.26745292289452627  
  11650.0 0.3188500461502247   
  11660.0 0.3697674694854411   
  11670.0 0.42854905637782964  
  11680.0 0.48605627781010763  
  11690.0 0.5338222770975715   
  11700.0 0.5813417216671966   
  11710.0 0.6088777751720278   
  11720.0 0.6382608127963857   
  11730.0 0.6471756339085084   
  11740.0 0.6470788247526047   
  11750.0 0.6575370561302843   
  11760.0 0.6607597235893783   
  11770.0 0.6526646015936244   
  11780.0 0.6378315595041723   
  11790.0 0.6419340889315652   
  11800.0 0.6349216718919232   
  11810.0 0.6313852915971389   
  11820.0 0.6080608946154807   
  11830.0 0.6266475718629363   
  11840.0 0.6209406012427306   
  11850.0 0.6173169464488234   
  11860.0 0.6266245224469846   
  11870.0 0.6251958287346457   
  11880.0 0.6156250926612178   
  11890.0 0.6300072476527518   
  11900.0 0.6380502757481007   
  11910.0 0.6418170127841583   
  11920.0 0.6483317013331991   
  11930.0 0.652740660331072    
  11940.0 0.65846430514648     
  11950.0 0.6646036852725573   
  11960.0 0.6704067164306668   
  11970.0 0.6766917706581733   
  11980.0 0.6801291441065557   
  11990.0 0.6798588581866156   
  12000.0 0.6921775998610643   
  12010.0 0.6957227966144384   
  12020.0 0.699185118601861    
  12030.0 0.7031021370488778   
  12040.0 0.6909231057182266   
  12050.0 0.7057763795418314   
  12060.0 0.7166377012516495   
  12070.0 0.7149640414048916   
  12080.0 0.7175460324789786   
  12090.0 0.7197588296728997   
  12100.0 0.7243541502284948   
  12110.0 0.725616558201719    
  12120.0 0.72602821892939     
  12130.0 0.731018476613805    
  12140.0 0.7303022291791019   
  12150.0 0.7300070472421561   
  12160.0 0.7335793451721412   
  12170.0 0.7338061434244616   
  12180.0 0.7341037757000899   
  12190.0 0.7319160134516419   
  12200.0 0.7355428553450892   
  12210.0 0.7380749579972168   
  12220.0 0.7364029708539934   
  12230.0 0.7381699911018988   
  12240.0 0.7399056249793683   
  12250.0 0.7423910311589837   
  12260.0 0.7438138539879932   
  12270.0 0.7434824206611526   
  12280.0 0.7468847876504752   
  12290.0 0.7493980262239296   
  12300.0 0.7519229409315854   
  12310.0 0.7539952446514558   
  12320.0 0.7553536247581099   
  12330.0 0.7567241928302336   
  12340.0 0.7594156745820052   
  12350.0 0.7608020709295502   
  12360.0 0.7621685143190325   
  12370.0 0.7636893329322999   
  12380.0 0.765564777539531    
  12390.0 0.7665925810053277   
  12400.0 0.767579426498256    
  12410.0 0.767881499984778    
  12420.0 0.7684176985072577   
  12430.0 0.7686777811547664   
  12440.0 0.7688725072554937   
  12450.0 0.7683442351139254   
  12460.0 0.7678242508050844   
  12470.0 0.7662479005125596   
  12480.0 0.7644429576480937   
  12490.0 0.7631043887490992   
  12500.0 0.7614048904279731   
  12510.0 0.7575711210632458   
  12520.0 0.7553222535206852   
  12530.0 0.7504297598385911   
  12540.0 0.7445901919682084   
  12550.0 0.7423961586313873   
  12560.0 0.7341963050083642   
  12570.0 0.7299000145313164   
  12580.0 0.7255193961380763   
  12590.0 0.7145661607541145   
  12600.0 0.7132627666391521   
  12610.0 0.6977549360370162   
  12620.0 0.6910969081642359   
  12630.0 0.6795207744246501   
  12640.0 0.667031155977916    
  12650.0 0.6660962243430933   
  12660.0 0.6552006568319555   
  12670.0 0.665570556890948    
  12680.0 0.636061291083894    
  12690.0 0.5556679171968206   
  12700.0 0.650257566390615    
  12710.0 0.6661113174093123   
  12720.0 0.6635041124354415   
  12730.0 0.662979207531911    
  12740.0 0.6634502692387606   
  12750.0 0.6651328213184279   
  12760.0 0.6659727597498856   
  12770.0 0.6676605612355557   
  12780.0 0.6675835909023865   
  12790.0 0.6701614178836675   
  12800.0 0.6706985604286018   
  12810.0 0.6754076646269198   
  12820.0 0.6795136183062039   
  12830.0 0.6838654686633104   
  12840.0 0.6881141053358482   
  12850.0 0.689359636351801    
  12860.0 0.6915409036571075   
  12870.0 0.6911402541126895   
  12880.0 0.6917933689902658   
  12890.0 0.6948100959260185   
  12900.0 0.7001549011524689   
  12910.0 0.7070537742676749   
  12920.0 0.7133305183017208   
  12930.0 0.7185811324937585   
  12940.0 0.722459519756077    
  12950.0 0.7217364595292488   
  12960.0 0.7206378881666167   
  12970.0 0.7251342987022473   
  12980.0 0.7319432330367377   
  12990.0 0.740404091497929    
  13000.0 0.7452374731493941   
  13010.0 0.7462969152161469   
  13020.0 0.7510730590271704   
  13030.0 0.7468781480777346   
  13040.0 0.7416706433863202   
  13050.0 0.7579934246818381   
  13060.0 0.764845478926096    
  13070.0 0.762301991750666    
  13080.0 0.7657275671642134   
  13090.0 0.7678745741961094   
  13100.0 0.7518897624682361   
  13110.0 0.7663850119270597   
  13120.0 0.771811519924789    
  13130.0 0.7675459011976428   
  13140.0 0.7643640132580826   
  13150.0 0.7698086762785551   
  13160.0 0.7696419934586938   
  13170.0 0.7583382526133142   
  13180.0 0.7615400690406492   
  13190.0 0.7565433402569078   
  13200.0 0.7471578506572292   
  13210.0 0.754041090287657    
  13220.0 0.7490366219942463   
  13230.0 0.7247519662861376   
  13240.0 0.7170603639594137   
  13250.0 0.7208844965194289   
  13260.0 0.7124125826812848   
  13270.0 0.6902618571010338   
  13280.0 0.6644954552690671   
  13290.0 0.6259894097725769   
  13300.0 0.621201852153243    
  13310.0 0.5817095632571507   
  13320.0 0.550277398254093    
  13330.0 0.5411001130922205   
  13340.0 0.5053692802619008   
  13350.0 0.48820744417959994  
  13360.0 0.437541532188945    
  13370.0 0.41974468546668114  
  13380.0 0.38884704597055175  
  13390.0 0.36470208179309827  
  13400.0 0.3219710711238929   
  13410.0 0.2991376462081477   
  13420.0 0.2793387602793729   
  13430.0 0.253322548152189    
  13440.0 0.203615427717342    
  13450.0 0.19143748073640154  
  13460.0 0.1675008970458524   
  13470.0 0.14874479654942016  
  13480.0 0.10014848405142568  
  13490.0 0.10491426249591011  
  13500.0 0.08736593602674009  
  13510.0 0.07661456194808243  
  13520.0 0.06369773690751519  
  13530.0 0.047565968804711735 
  13540.0 0.040748219239772177 
  13550.0 0.02388230791806968  
  13560.0 0.028327887797710682 
  13570.0 0.02531436712402131  
  13580.0 0.019494032786457113 
  13590.0 0.017242320086163204 
  13600.0 0.013790503608605    
  13610.0 0.007056208959674767 
  13620.0 0.002814095305180289 
  13630.0 0.010626385766102132 
  13640.0 0.009683920015266075 
  13650.0 0.0036360502447546988
  13660.0 0.00938735904491268  
  13670.0 0.007405812482969146 
  13680.0 0.003003709945439586 
  13690.0 0.0051884740383953834
  13700.0 0.004703326974763748 
  13710.0 0.0031445675403537275
  13720.0 0.004203360698143507 
  13730.0 0.005262072265669181 
  13740.0 0.0052763029376283604
  13750.0 0.004499488741031149 
  13760.0 0.004377633800977249 
  13770.0 0.003675439312641111 
  13780.0 0.004790987752373115 
  13790.0 0.0026265571910185845
  13800.0 0.0024019830720935424
  13810.0 9.83662177416301E-4  
  13820.0 0.001148970949718935 
  13830.0 5.38939631778372E-4  
  13840.0 0.001182946038764327 
  13850.0 0.0012467645226381901
  13860.0 0.0019558778593562636
  13870.0 0.002105865306667454 
  13880.0 6.20712318145369E-4  
  13890.0 0.001285780884053004 
  13900.0 0.0011616314153599708
  13910.0 0.001242842199721423 
  13920.0 7.272720840431674E-4 
  13930.0 8.141389600888842E-4 
  13940.0 9.475448377865577E-4 
  13950.0 3.334893707543789E-4 
  13960.0 2.284970656045143E-4 
  13970.0 4.3804609411391207E-4
  13980.0 6.450558257450893E-4 
  13990.0 6.423167706792488E-4 
  14000.0 3.1295743578885644E-4
  14010.0 2.618375654955316E-4 
  14020.0 7.15356613048525E-4  
  14030.0 8.769518359737674E-4 
  14040.0 6.550035675849427E-4 
  14050.0 2.868577876012341E-4 
  14060.0 4.891876989654071E-4 
  14070.0 1.6175030430590093E-4
