  14290.0 3.789766712675525E-4 
  14300.0 6.209698771092535E-4 
  14310.0 9.558999144938283E-4 
  14320.0 4.3761354307511764E-4
  14330.0 0.0014110997340215966
  14340.0 9.667662839971195E-4 
  14350.0 0.0010704910194251776
  14360.0 0.001211645853654935 
  14370.0 0.0014925207851936113
  14380.0 0.0013590666017364102
  14390.0 0.002176431992245135 
  14400.0 0.0021523784618306353
  14410.0 0.0020070461845349595
  14420.0 0.0018983722931449711
  14430.0 0.0016333630122844576
  14440.0 0.002276412696145737 
  14450.0 0.002589833566246624 
  14460.0 0.0022267702220032117
  14470.0 0.0033752576295945423
  14480.0 0.003391804614327012 
  14490.0 0.002070844179018298 
  14500.0 0.0032376045034638885
  14510.0 0.0032027914414450393
  14520.0 0.0038861883000448055
  14530.0 0.003910108643932857 
  14540.0 0.0034191914985905567
  14550.0 0.005067019730711561 
  14560.0 0.005534807362871126 
  14570.0 0.006104592081528282 
  14580.0 0.006225367167674996 
  14590.0 0.007763732476079359 
  14600.0 0.007299904618209072 
  14610.0 0.007985516274480372 
  14620.0 0.008344136467789606 
  14630.0 0.007200631233804094 
  14640.0 0.009256121604901434 
  14650.0 0.009459398206741229 
  14660.0 0.010732907009520216 
  14670.0 0.010662174428440295 
  14680.0 0.013586386772075803 
  14690.0 0.014349807138805015 
  14700.0 0.01451897845691945  
  14710.0 0.014470655934015156 
  14720.0 0.01734440422557185  
  14730.0 0.0199242349939188   
  14740.0 0.024326004110058797 
  14750.0 0.028249770912039618 
  14760.0 0.027626822611004742 
  14770.0 0.031055223317528555 
  14780.0 0.03278680754067576  
  14790.0 0.041268830034806296 
  14800.0 0.04157955563292606  
  14810.0 0.048338039417610806 
  14820.0 0.05299204880095544  
  14830.0 0.06780921755142422  
  14840.0 0.07386025445569225  
  14850.0 0.08369619500766759  
  14860.0 0.09151090396298858  
  14870.0 0.09981915915421116  
  14880.0 0.11655254921897412  
  14890.0 0.13731568887769402  
  14900.0 0.1526590916944582   
  14910.0 0.17214789714029943  
  14920.0 0.19237610453121579  
  14930.0 0.22006996136251053  
  14940.0 0.24747493170283066  
  14950.0 0.26892003316142316  
  14960.0 0.29766693383880033  
  14970.0 0.3358698774289054   
  14980.0 0.37162667044486886  
  14990.0 0.4103466696560859   
  15000.0 0.44787340972432754  
  15010.0 0.4915203276577063   
  15020.0 0.5221258416369259   
  15030.0 0.5538509371946587   
  15040.0 0.5811176597449847   
  15050.0 0.6262428324857984   
  15060.0 0.6671110094368403   
  15070.0 0.7007930922060774   
  15080.0 0.7198089755633075   
  15090.0 0.7262575026745164   
  15100.0 0.7695899190574353   
  15110.0 0.7851018149691443   
  15120.0 0.7935800536159013   
  15130.0 0.8036163473709373   
  15140.0 0.8102105697672509   
  15150.0 0.8124899618865227   
  15160.0 0.8149426744284678   
  15170.0 0.815462095499135    
  15180.0 0.8105741194370949   
  15190.0 0.8065975850400349   
  15200.0 0.8095716844045725   
  15210.0 0.8003125769024647   
  15220.0 0.793940416195437    
  15230.0 0.794504761897482    
  15240.0 0.7848549785010599   
  15250.0 0.7770757174726327   
  15260.0 0.7778475973030332   
  15270.0 0.7692159775282739   
  15280.0 0.765325115519379    
  15290.0 0.7667587540739783   
  15300.0 0.7598043460736169   
  15310.0 0.756410503981695    
  15320.0 0.7614519571416704   
  15330.0 0.7553997982565458   
  15340.0 0.7525950980119406   
  15350.0 0.7569015102143404   
  15360.0 0.7535775645860322   
  15370.0 0.7578073586385035   
  15380.0 0.7655006965793544   
  15390.0 0.7602600884539022   
  15400.0 0.7654689067072632   
  15410.0 0.771523793217682    
  15420.0 0.7705659744168523   
  15430.0 0.7798285567570613   
  15440.0 0.7841559124159472   
  15450.0 0.7844871645640643   
  15460.0 0.7946439282316816   
  15470.0 0.7969467541014671   
  15480.0 0.7982331200080537   
  15490.0 0.8089112299960776   
  15500.0 0.8090017920212621   
  15510.0 0.8110691127982748   
  15520.0 0.8201360962727654   
  15530.0 0.8184303884937798   
  15540.0 0.822861672680212    
  15550.0 0.8298632361559681   
  15560.0 0.8263860209986779   
  15570.0 0.8313154593110583   
  15580.0 0.8359624624638651   
  15590.0 0.8305622699543967   
  15600.0 0.83815229621797     
  15610.0 0.8401605041270401   
  15620.0 0.8344513125798736   
  15630.0 0.840726323459913    
  15640.0 0.8378731720270696   
  15650.0 0.8363661287718949   
  15660.0 0.8420578385622077   
  15670.0 0.8361185528018434   
  15680.0 0.8345988756164732   
  15690.0 0.8320124873489725   
  15700.0 0.81411626856459     
  15710.0 0.8043406689571774   
  15720.0 0.7956197642161332   
  15730.0 0.793018415191805    
  15740.0 0.8091908378663087   
  15750.0 0.8232100661662007   
  15760.0 0.8192472008106013   
  15770.0 0.8110298597664077   
  15780.0 0.8032846020038483   
  15790.0 0.8088371304728119   
  15800.0 0.8127577522508015   
  15810.0 0.8170611331585411   
  15820.0 0.8272497941441003   
  15830.0 0.8262272854998118   
  15840.0 0.83195249964929     
  15850.0 0.8341423363337133   
  15860.0 0.8316458345112423   
  15870.0 0.8366664490602294   
  15880.0 0.8323741776906105   
  15890.0 0.8336714166592332   
  15900.0 0.8348619057781232   
  15910.0 0.8298620440275474   
  15920.0 0.8366557843697591   
  15930.0 0.8335269569428517   
  15940.0 0.8308158765077337   
  15950.0 0.8344254172035986   
  15960.0 0.8284711018130543   
  15970.0 0.8312621905733218   
  15980.0 0.828606457434023    
  15990.0 0.820170083642968    
  16000.0 0.8138669468821128   
  16010.0 0.7958201635999222   
  16020.0 0.788154677709262    
  16030.0 0.7874780281220725   
  16040.0 0.7920531650433728   
  16050.0 0.8127317579981775   
  16060.0 0.813512936475987    
  16070.0 0.802503085677033    
  16080.0 0.7973459236507059   
  16090.0 0.7922790360294988   
  16100.0 0.7985976687915359   
  16110.0 0.800017347130462    
  16120.0 0.8076647240580725   
  16130.0 0.8124397815506372   
  16140.0 0.813440835249252    
  16150.0 0.818700992763014    
  16160.0 0.8149076710801864   
  16170.0 0.8193080638316742   
  16180.0 0.8189778707867017   
  16190.0 0.8168615882031394   
  16200.0 0.8206774648176782   
  16210.0 0.8168041314967641   
  16220.0 0.82065748683028     
  16230.0 0.8182532000526817   
  16240.0 0.8199141370114549   
  16250.0 0.8202881328652317   
  16260.0 0.8179162119785672   
  16270.0 0.8228425821752208   
  16280.0 0.8177240627459194   
  16290.0 0.8223877988094894   
  16300.0 0.820340768757943    
  16310.0 0.8192921206194607   
  16320.0 0.8229059544230053   
  16330.0 0.8179261778508459   
  16340.0 0.8247270371571721   
  16350.0 0.8185572619919322   
  16360.0 0.8217978867987832   
  16370.0 0.8222818858745342   
  16380.0 0.8157953442065811   
  16390.0 0.8254790988922572   
  16400.0 0.8125383978198629   
  16410.0 0.8230445282221667   
  16420.0 0.8221448269904195   
  16430.0 0.8083606443932817   
  16440.0 0.825178955145554    
  16450.0 0.8165523769317725   
  16460.0 0.8207042471995794   
  16470.0 0.8245807798745498   
  16480.0 0.8163655201502982   
  16490.0 0.8230765266635773   
  16500.0 0.8246211772382867   
  16510.0 0.8160691017775484   
  16520.0 0.8271833466845422   
  16530.0 0.8321342715583612   
  16540.0 0.8197149609494198   
  16550.0 0.8337516531841249   
  16560.0 0.8295570139625609   
  16570.0 0.8313652248134489   
  16580.0 0.8378932557003377   
  16590.0 0.8334851868604616   
  16600.0 0.8405339716572396   
  16610.0 0.836600087312486    
  16620.0 0.8409087250958367   
  16630.0 0.8368722160576394   
  16640.0 0.8429632866426059   
  16650.0 0.825038024036843    
  16660.0 0.7993993418273988   
  16670.0 0.8330845035312273   
  16680.0 0.8405611325787382   
  16690.0 0.8504116072307253   
  16700.0 0.8433972636797736   
  16710.0 0.8490555699795757   
  16720.0 0.846235337655439    
  16730.0 0.8537518706088153   
  16740.0 0.847851602873488    
  16750.0 0.849198938386575    
  16760.0 0.8568415466761075   
  16770.0 0.8493887849420176   
  16780.0 0.8537919798993887   
  16790.0 0.8533939743505533   
  16800.0 0.8603195429052372   
  16810.0 0.8499789897619279   
  16820.0 0.8603043390700003   
  16830.0 0.8588646427343659   
  16840.0 0.8482379775300884   
  16850.0 0.8616068920356089   
  16860.0 0.8583452931895285   
  16870.0 0.8594741830517844   
  16880.0 0.856900431996999    
  16890.0 0.8682490848099961   
  16900.0 0.856471300687783    
  16910.0 0.8591478024678013   
  16920.0 0.8576090749268541   
  16930.0 0.8640948703740677   
  16940.0 0.8580172155990752   
  16950.0 0.8604931999375539   
  16960.0 0.8646082138213754   
  16970.0 0.8550447479980773   
  16980.0 0.8634397693520669   
  16990.0 0.8599781993781325   
  17000.0 0.8629806490530686   
  17010.0 0.8557321870631331   
  17020.0 0.863609028874367    
  17030.0 0.8542751158447046   
  17040.0 0.8634091079860556   
  17050.0 0.8555892839728076   
  17060.0 0.8606183787254155   
  17070.0 0.8547252006291922   
  17080.0 0.8560476564634933   
  17090.0 0.8530399443421026   
  17100.0 0.8593162000529058   
  17110.0 0.8616765827227966   
  17120.0 0.8612738820364415   
  17130.0 0.8633454427022684   
  17140.0 0.8524723558417198   
  17150.0 0.8615249105938728   
  17160.0 0.8555110978206224   
  17170.0 0.864572512380414    
  17180.0 0.8591037585253885   
  17190.0 0.8654304010230116   
  17200.0 0.8580022031435123   
  17210.0 0.8510216800163369   
  17220.0 0.8519632652268142   
  17230.0 0.8553094877898834   
  17240.0 0.8484633650706209   
  17250.0 0.8527388091091      
  17260.0 0.8551565097361269   
  17270.0 0.854751817446372    
  17280.0 0.855592234862131    
  17290.0 0.8496146162457607   
  17300.0 0.8577774323217252   
  17310.0 0.8516924094712917   
  17320.0 0.8351891675810361   
  17330.0 0.8450767088583885   
  17340.0 0.8553791722205691   
  17350.0 0.8458709871138901   
  17360.0 0.8426255163693491   
  17370.0 0.8392238189332909   
  17380.0 0.8517147929876896   
  17390.0 0.8447528350713003   
  17400.0 0.8392889566295301   
  17410.0 0.8243684135201719   
  17420.0 0.8362567740970382   
  17430.0 0.8404120503474815   
  17440.0 0.8330768538353968   
  17450.0 0.8302526052609172   
  17460.0 0.8311971343919695   
  17470.0 0.781294195459553    
  17480.0 0.8289066766329806   
  17490.0 0.8308408743928106   
  17500.0 0.8338730497948758   
  17510.0 0.8139875625484706   
  17520.0 0.8126518363672582   
  17530.0 0.8231909950922072   
  17540.0 0.824472236300714    
  17550.0 0.7938077333527686   
  17560.0 0.8140640087917039   
  17570.0 0.7840536436111671   
  17580.0 0.8055374264179582   
  17590.0 0.8133850674378091   
  17600.0 0.8121730661305148   
  17610.0 0.7899690181273088   
  17620.0 0.7989731482398668   
  17630.0 0.7804636686102389   
  17640.0 0.7979141362605787   
  17650.0 0.7782769934776259   
  17660.0 0.6804954506892122   
  17670.0 0.7804015472411019   
  17680.0 0.7805055353072117   
  17690.0 0.7709571147028693   
  17700.0 0.7570424109117743   
  17710.0 0.7439035559047076   
  17720.0 0.7567917232974005   
  17730.0 0.7472428337150127   
  17740.0 0.7047798263847801   
  17750.0 0.717067176586425    
  17760.0 0.6781721636874988   
  17770.0 0.6960964312774206   
  17780.0 0.6757594022512039   
  17790.0 0.6175372341362846   
  17800.0 0.6635748139995873   
  17810.0 0.5941947117869426   
  17820.0 0.6122255876024629   
  17830.0 0.6109623721356823   
  17840.0 0.5600381135807343   
  17850.0 0.4803692394401842   
  17860.0 0.5109509106227111   
  17870.0 0.4920312428625642   
  17880.0 0.49668789102020905  
  17890.0 0.4696294794148778   
  17900.0 0.4439768204490373   
  17910.0 0.3909977619687588   
  17920.0 0.37967423858322574  
  17930.0 0.341610472461838    
  17940.0 0.3056221930580377   
  17950.0 0.30835157677211134  
  17960.0 0.28358312469404734  
  17970.0 0.2535033266844659   
  17980.0 0.24449998999232483  
  17990.0 0.24093053112253227  
  18000.0 0.17066754688695793  
  18010.0 0.1373765408758228   
  18020.0 0.1421766532585223   
  18030.0 0.1442812920335921   
  18040.0 0.13983589672832025  
  18050.0 0.14076381002842617  
  18060.0 0.08417243451489441  
  18070.0 0.09136627381969245  
  18080.0 0.09866356837437804  
  18090.0 0.09021244349553363  
  18100.0 0.08240179926881123  
  18110.0 0.05113793542629448  
  18120.0 0.056483636218886815 
  18130.0 0.04102602544530353  
  18140.0 0.06224819140460375  
  18150.0 0.04545772551415043  
  18160.0 0.032498466999176766 
  18170.0 0.04031748437350151  
  18180.0 0.03926650435528304  
  18190.0 0.03065421662217729  
  18200.0 0.019300071493913364 
  18210.0 0.0134240343868492   
  18220.0 0.013409999112112046 
  18230.0 0.0223906324311661   
  18240.0 0.028223819434130607 
  18250.0 0.021264032030324963 
  18260.0 0.011268306350507533 
  18270.0 0.01371285391016295  
  18280.0 0.01277639239313839  
  18290.0 0.007589694824197376 
  18300.0 0.008649381016368142 
  18310.0 0.006206182573675569 
  18320.0 0.009261627461961955 
  18330.0 0.007855675525371426 
  18340.0 0.00903225252926331  
  18350.0 0.0031322997068058563
  18360.0 0.0023495414183834257
  18370.0 0.003061375142264899 
  18380.0 0.0016563497896065502
  18390.0 0.004686127203307768 
  18400.0 0.001333501517054726 
  18410.0 0.0031788507348061773
  18420.0 6.287120953442258E-4 
  18430.0 0.0031728203882713107
  18440.0 0.003672024302016412 
  18450.0 0.0057178532421891404
  18460.0 0.0038579419361635782
  18470.0 5.247542529116321E-4 
  18480.0 3.2507697513072225E-4
  18490.0 0.0012935625100873027
  18500.0 0.0023167479522379288
  18510.0 0.0018563369072760242
  18520.0 0.003183703049165519 
  18530.0 9.72489070546373E-4  
  18540.0 4.895486629604168E-4 
  18550.0 0.0019054874376022407
  18560.0 0.0020262922228472453
  18570.0 6.165534079115748E-4 
  18580.0 0.0012480927546259068
  18590.0 9.592189657557576E-4 
  18600.0 2.2876915144468303E-4
  18610.0 6.726419729756946E-4 
  18620.0 0.0015795555668764935
  18630.0 0.0013430009398988463
  18640.0 8.735785851240886E-4 
  18650.0 0.0010135984663722764
  18660.0 0.0016519052093459559
