  19080.0 5.362191620959779E-4 
  19090.0 8.422188796686072E-4 
  19100.0 0.00101395173253617  
  19110.0 7.157523923487731E-4 
  19120.0 7.334346088858894E-4 
  19130.0 3.6755396210919386E-4
  19140.0 2.0032229974373627E-4
  19150.0 0.0010806457382202647
  19160.0 0.001232512245961029 
  19170.0 0.0013998191611243518
  19180.0 0.0026979504394532977
  19190.0 0.0022955804323371762
  19200.0 4.7285159065272827E-4
  19210.0 7.624342663971226E-4 
  19220.0 0.003121976876790134 
  19230.0 0.002829107722403144 
  19240.0 0.0017683182582332285
  19250.0 0.004114548994953961 
  19260.0 0.004193022147222975 
  19270.0 0.0022326853653222524
  19280.0 0.0039018001945611406
  19290.0 0.004555363430838397 
  19300.0 0.00555010426970614  
  19310.0 0.003672433175238209 
  19320.0 0.005427624269348653 
  19330.0 0.006392703787741248 
  19340.0 0.005598700149113678 
  19350.0 0.008054616263782904 
  19360.0 0.007663381605584056 
  19370.0 0.007857997656223779 
  19380.0 0.007983147612862373 
  19390.0 0.008678798449034143 
  19400.0 0.009948442940426282 
  19410.0 0.01090180909760992  
  19420.0 0.011786451123631211 
  19430.0 0.01303587157815398  
  19440.0 0.012579553206620969 
  19450.0 0.01243062394863491  
  19460.0 0.016887751307618645 
  19470.0 0.017030868106259672 
  19480.0 0.01685429813732529  
  19490.0 0.018356921663333876 
  19500.0 0.02081642195128163  
  19510.0 0.021863367398483022 
  19520.0 0.02233369327487909  
  19530.0 0.020293971793815133 
  19540.0 0.020605743867230162 
  19550.0 0.02058288117056444  
  19560.0 0.020788772066909853 
  19570.0 0.022929441175949628 
  19580.0 0.025144071113339585 
  19590.0 0.02716607030132792  
  19600.0 0.03689548047200701  
  19610.0 0.04262596208719617  
  19620.0 0.04585709969955198  
  19630.0 0.042633950407608194 
  19640.0 0.04599408294409691  
  19650.0 0.050026934135396245 
  19660.0 0.05518333085933021  
  19670.0 0.06304895572988514  
  19680.0 0.06689453257343524  
  19690.0 0.07554844888873838  
  19700.0 0.08274751940382645  
  19710.0 0.08985687030491814  
  19720.0 0.09545614451032784  
  19730.0 0.11170440106266664  
  19740.0 0.11775222498425643  
  19750.0 0.13256810199031846  
  19760.0 0.14539200945545513  
  19770.0 0.16163056242401172  
  19780.0 0.17461329638093392  
  19790.0 0.18652598657978     
  19800.0 0.17078312302787552  
  19810.0 0.20922911120177773  
  19820.0 0.2325201950262435   
  19830.0 0.2433442934819975   
  19840.0 0.26772708799571626  
  19850.0 0.2728607030692315   
  19860.0 0.29786953874401817  
  19870.0 0.29057311481299086  
  19880.0 0.334331985028987    
  19890.0 0.36327478243818073  
  19900.0 0.3533558511667546   
  19910.0 0.39437285937630423  
  19920.0 0.42261943815280806  
  19930.0 0.4446014999438019   
  19940.0 0.45845881242018716  
  19950.0 0.47472290361025204  
  19960.0 0.4870324272189127   
  19970.0 0.4741154451505634   
  19980.0 0.43319615848327103  
  19990.0 0.41535315005453005  
  20000.0 0.3731723973731512   
  20010.0 0.33950712859629756  
  20020.0 0.3106784269958875   
  20030.0 0.2812322095447679   
  20040.0 0.2934105562275283   
  20050.0 0.28616408602070326  
  20060.0 0.3056475470885667   
  20070.0 0.3724160825440316   
  20080.0 0.42797177614941245  
  20090.0 0.5359231667446244   
  20100.0 0.442746492899128    
  20110.0 0.4015049134063091   
  20120.0 0.4020692147395403   
  20130.0 0.4024965053721176   
  20140.0 0.4228614847502467   
  20150.0 0.43729906509879934  
  20160.0 0.45161879585090153  
  20170.0 0.4741853695481371   
  20180.0 0.48788764870492884  
  20190.0 0.526205876474823    
  20200.0 0.5686961709764309   
  20210.0 0.5837729210761892   
  20220.0 0.6257137531874835   
  20230.0 0.6506014863618204   
  20240.0 0.6689480115281058   
  20250.0 0.7043466412982274   
  20260.0 0.7126798872910614   
  20270.0 0.7370617932942038   
  20280.0 0.7410402104073885   
  20290.0 0.7425013384425613   
  20300.0 0.7690589297739565   
  20310.0 0.7607214739549997   
  20320.0 0.7626085795081142   
  20330.0 0.767733235771568    
  20340.0 0.7574828023623418   
  20350.0 0.7693049721927303   
  20360.0 0.766298291002249    
  20370.0 0.7572796447842101   
  20380.0 0.7713770670688239   
  20390.0 0.7575971269201419   
  20400.0 0.751017378835539    
  20410.0 0.7568229518066247   
  20420.0 0.7450915693723729   
  20430.0 0.7596916920056237   
  20440.0 0.7552104659257604   
  20450.0 0.7558133913507714   
  20460.0 0.77085440505847     
  20470.0 0.7410153331153382   
  20480.0 0.7197460586498375   
  20490.0 0.694816905912516    
  20500.0 0.6551097491768276   
  20510.0 0.6428279347937893   
  20520.0 0.6138204259473695   
  20530.0 0.5967164962375695   
  20540.0 0.5868950913259653   
  20550.0 0.5762718508841063   
  20560.0 0.5823764899967739   
  20570.0 0.5957804823612413   
  20580.0 0.6161453981624565   
  20590.0 0.6662790502465266   
  20600.0 0.7353248603662831   
  20610.0 0.7056985528824454   
  20620.0 0.6675968489142049   
  20630.0 0.6380193963002422   
  20640.0 0.6312696287790466   
  20650.0 0.639611993001452    
  20660.0 0.6345367095706214   
  20670.0 0.6512728992828041   
  20680.0 0.668328311951407    
  20690.0 0.6730742737255208   
  20700.0 0.6958957437224889   
  20710.0 0.7078967530609819   
  20720.0 0.7179336106546319   
  20730.0 0.7415934197332258   
  20740.0 0.7441182045121361   
  20750.0 0.7552577511177884   
  20760.0 0.775886620610724    
  20770.0 0.7766334324860905   
  20780.0 0.7911258060118902   
  20790.0 0.8094678751678458   
  20800.0 0.8057811993558747   
  20810.0 0.8157062189334929   
  20820.0 0.8060191844747723   
  20830.0 0.7996685477462304   
  20840.0 0.8085311853623026   
  20850.0 0.7977046273522361   
  20860.0 0.8072945471029701   
  20870.0 0.8181284165100587   
  20880.0 0.8094843313956714   
  20890.0 0.8176024045024657   
  20900.0 0.8203179277614598   
  20910.0 0.8159251314672858   
  20920.0 0.8284354909473838   
  20930.0 0.8269778972496731   
  20940.0 0.8177804298950686   
  20950.0 0.8369289150799198   
  20960.0 0.8335168981819783   
  20970.0 0.8301130091028697   
  20980.0 0.8380726220155857   
  20990.0 0.8239327535554033   
  21000.0 0.8307053852605201   
  21010.0 0.8374571898951673   
  21020.0 0.8252471086160018   
  21030.0 0.8385652001077587   
  21040.0 0.8425173233529595   
  21050.0 0.8320063928942987   
  21060.0 0.8394307071604208   
  21070.0 0.8387416004341387   
  21080.0 0.8311217706819034   
  21090.0 0.8435340390081764   
  21100.0 0.8383295169997049   
  21110.0 0.8313167823977977   
  21120.0 0.8380588682700965   
  21130.0 0.8357785164678232   
  21140.0 0.8367807828854734   
  21150.0 0.8446367192941704   
  21160.0 0.835050127005131    
  21170.0 0.838569384574575    
  21180.0 0.8410358873658066   
  21190.0 0.8270831885256519   
  21200.0 0.8366966895775952   
  21210.0 0.8437316890430975   
  21220.0 0.8365903191867994   
  21230.0 0.844179513495454    
  21240.0 0.8402170915700999   
  21250.0 0.8337670421630733   
  21260.0 0.8469502725670256   
  21270.0 0.842090394515135    
  21280.0 0.8316934461551163   
  21290.0 0.8486679949242183   
  21300.0 0.8415877607745421   
  21310.0 0.8387300621072648   
  21320.0 0.8485024471232344   
  21330.0 0.842107127001672    
  21340.0 0.8411589329751247   
  21350.0 0.851289613723282    
  21360.0 0.84066079732473     
  21370.0 0.8408783009021847   
  21380.0 0.8488361526117298   
  21390.0 0.842026581073488    
  21400.0 0.8436915990147883   
  21410.0 0.8483137845019342   
  21420.0 0.8380866299257759   
  21430.0 0.8393387185120238   
  21440.0 0.8476079321808617   
  21450.0 0.8381012742068655   
  21460.0 0.8400085126152212   
  21470.0 0.8488864199708852   
  21480.0 0.8386224973129633   
  21490.0 0.8401425942713067   
  21500.0 0.8439495086742542   
  21510.0 0.8302876960055512   
  21520.0 0.8332449454500765   
  21530.0 0.8396474321649361   
  21540.0 0.8334232960051198   
  21550.0 0.8377994992041513   
  21560.0 0.8409602711909164   
  21570.0 0.834345921978519    
  21580.0 0.8436773151369602   
  21590.0 0.8415688896450544   
  21600.0 0.8335534524777084   
  21610.0 0.8344752291614783   
  21620.0 0.838459387538189    
  21630.0 0.8264901969266182   
  21640.0 0.8371508674315633   
  21650.0 0.8431590883375869   
  21660.0 0.8325494666683598   
  21670.0 0.8348690946158409   
  21680.0 0.8392969241221621   
  21690.0 0.8303011797932617   
  21700.0 0.8433898991902562   
  21710.0 0.8442107476802051   
  21720.0 0.8345035470856469   
  21730.0 0.8351615097061597   
  21740.0 0.8410561159962391   
  21750.0 0.8337143431139284   
  21760.0 0.842841113001963    
  21770.0 0.845411553487436    
  21780.0 0.8314953411857916   
  21790.0 0.8357550648087122   
  21800.0 0.8460858555785188   
  21810.0 0.8398216835712242   
  21820.0 0.8462710397711127   
  21830.0 0.8384999516772678   
  21840.0 0.8291561904342203   
  21850.0 0.8329753064484874   
  21860.0 0.8481213821117504   
  21870.0 0.8402008769708695   
  21880.0 0.845039767450861    
  21890.0 0.8529190465758469   
  21900.0 0.8393429461969937   
  21910.0 0.8466227203158403   
  21920.0 0.8521160547556194   
  21930.0 0.8445844538029303   
  21940.0 0.8480634522056953   
  21950.0 0.8428728807118341   
  21960.0 0.8454721657864659   
  21970.0 0.8483770708382654   
  21980.0 0.8430197499892567   
  21990.0 0.8286677146032894   
  22000.0 0.7946936923362982   
  22010.0 0.830383722458644    
  22020.0 0.8298408897122972   
  22030.0 0.8374450887520875   
  22040.0 0.846917302807857    
  22050.0 0.8294600690936792   
  22060.0 0.8455924324656104   
  22070.0 0.8531328470534373   
  22080.0 0.8506779770697784   
  22090.0 0.8500761745695624   
  22100.0 0.8546511678851243   
  22110.0 0.845698803089097    
  22120.0 0.846970951313356    
  22130.0 0.8578653109090766   
  22140.0 0.8504828546768999   
  22150.0 0.845236982749084    
  22160.0 0.840051299397566    
  22170.0 0.8432472688442145   
  22180.0 0.8446616317587542   
  22190.0 0.848135648495088    
  22200.0 0.8512626197634773   
  22210.0 0.8337587875966525   
  22220.0 0.8328306391643603   
  22230.0 0.8492396145283045   
  22240.0 0.8436546011028725   
  22250.0 0.8413187588215778   
  22260.0 0.8423802332758752   
  22270.0 0.8264777682594611   
  22280.0 0.8360754021505884   
  22290.0 0.8456987535082264   
  22300.0 0.8433258338873517   
  22310.0 0.8319134820801327   
  22320.0 0.8224073440258798   
  22330.0 0.8295523233245784   
  22340.0 0.8286029165261798   
  22350.0 0.8361500105882417   
  22360.0 0.8303317256422404   
  22370.0 0.8248580540281736   
  22380.0 0.8256038941843277   
  22390.0 0.8367605227346046   
  22400.0 0.8232779826882131   
  22410.0 0.8213046080113022   
  22420.0 0.830946976558905    
  22430.0 0.8276316442278224   
  22440.0 0.8143251059948009   
  22450.0 0.8328760621620139   
  22460.0 0.8175895726913542   
  22470.0 0.8035991786982377   
  22480.0 0.8297689458823612   
  22490.0 0.8283942848387549   
  22500.0 0.8188024214079973   
  22510.0 0.8242094551617735   
  22520.0 0.8291825473187546   
  22530.0 0.8205070592505854   
  22540.0 0.8063284116753766   
  22550.0 0.8243307621248553   
  22560.0 0.8110679861860128   
  22570.0 0.8023180777554145   
  22580.0 0.8246871882710328   
  22590.0 0.8276792319548569   
  22600.0 0.8204393219226392   
  22610.0 0.8018717322625567   
  22620.0 0.7921420481934323   
  22630.0 0.8246313736852728   
  22640.0 0.8161745685550066   
  22650.0 0.8126254338383656   
  22660.0 0.8372558267465767   
  22670.0 0.8352026508774494   
  22680.0 0.8080884647874265   
  22690.0 0.7993028633981434   
  22700.0 0.8214613295699846   
  22710.0 0.8274423088207864   
  22720.0 0.8140499598537272   
  22730.0 0.8190322644840233   
  22740.0 0.8295560889738257   
  22750.0 0.793961499362667    
  22760.0 0.7620021434075861   
  22770.0 0.7931794561943224   
  22780.0 0.8099504543485803   
  22790.0 0.8104449756149567   
  22800.0 0.7969253962283894   
  22810.0 0.7632106954859219   
  22820.0 0.7756654234701427   
  22830.0 0.7157701303475469   
  22840.0 0.726400419827633    
  22850.0 0.7299060640332761   
  22860.0 0.7282649374395967   
  22870.0 0.716746985054024    
  22880.0 0.6997026096905296   
  22890.0 0.6716672115745124   
  22900.0 0.6186654952308602   
  22910.0 0.6403829420871284   
  22920.0 0.6136604095786656   
  22930.0 0.5958456166182923   
  22940.0 0.5696674780644417   
  22950.0 0.5368363022794528   
  22960.0 0.5133846322680281   
  22970.0 0.5141672748241826   
  22980.0 0.4767422778239807   
  22990.0 0.4456308938520927   
  23000.0 0.42465279874608003  
  23010.0 0.41007199358667545  
  23020.0 0.39726683111303324  
  23030.0 0.3731940603786192   
  23040.0 0.3422042824042882   
  23050.0 0.3280281995663357   
  23060.0 0.31447916789645897  
  23070.0 0.2938553089345593   
  23080.0 0.2775897325214033   
  23090.0 0.26610367955944736  
  23100.0 0.25165323070317025  
  23110.0 0.23919069707820656  
  23120.0 0.22028416744238402  
  23130.0 0.20901766812593595  
  23140.0 0.1956681443442337   
  23150.0 0.18171397045817003  
  23160.0 0.15987330043444645  
  23170.0 0.12983897877117126  
  23180.0 0.12892853630731732  
  23190.0 0.130223728668342    
  23200.0 0.12447659121585328  
  23210.0 0.11802965054964938  
  23220.0 0.11007369012800779  
  23230.0 0.10397328791670436  
  23240.0 0.09892516408277979  
  23250.0 0.09207203105736038  
  23260.0 0.08636164781518361  
  23270.0 0.08294377601772986  
  23280.0 0.07674101968707712  
  23290.0 0.07038613297548425  
  23300.0 0.06836230687740877  
  23310.0 0.0627050328952      
  23320.0 0.057166093556982475 
  23330.0 0.055382744964425926 
  23340.0 0.0513405685101038   
  23350.0 0.04718857383835872  
  23360.0 0.04432698019444939  
  23370.0 0.04272267340215188  
  23380.0 0.03866363938079523  
  23390.0 0.03582906608764384  
  23400.0 0.03202442761866063  
  23410.0 0.03148244828397359  
  23420.0 0.030770610474795942 
  23430.0 0.029551097516153632 
  23440.0 0.028381188508541502 
  23450.0 0.026466399637425725 
  23460.0 0.02520561209851354  
  23470.0 0.02369291073533456  
  23480.0 0.022224212793926085 
  23490.0 0.02188052229154191  
  23500.0 0.020207285599663758 
  23510.0 0.01838313443513973  
  23520.0 0.017464280653185227 
  23530.0 0.016431423315669314 
  23540.0 0.016272859723782618 
  23550.0 0.015588115449493803 
  23560.0 0.013112760081957955 
  23570.0 0.013362732531165178 
  23580.0 0.012500581670770073 
  23590.0 0.011505648272703823 
  23600.0 0.01258673650803387  
  23610.0 0.011860797617270115 
  23620.0 0.010417618593602757 
  23630.0 0.009991916957875886 
  23640.0 0.009384243515521607 
  23650.0 0.00913324067024748  
  23660.0 0.008635252079092206 
  23670.0 0.008368504513885721 
  23680.0 0.007588755958147566 
  23690.0 0.007410337441817136 
  23700.0 0.007065573542851825 
  23710.0 0.00588321263344507  
  23720.0 0.006475223515523526 
  23730.0 0.007086476559985954 
  23740.0 0.0064158081989971584
  23750.0 0.0050172290370623955
  23760.0 0.004351287121345857 
  23770.0 0.004000671051105459 
  23780.0 0.003739280072375736 
  23790.0 0.0038843075043224424
  23800.0 0.003525751809202337 
  23810.0 0.003048761586394457 
  23820.0 0.0037573734563094525
  23830.0 0.0037779256136001734
  23840.0 0.0030424476591713605
  23850.0 0.0033171614449613346
  23860.0 0.0030925191907229042
  23870.0 0.003185283059551514 
  23880.0 0.0034555484928276217
  23890.0 0.004038224691131525 
  23900.0 0.0036484353729062833
  23910.0 0.0028297404299030683
  23920.0 0.0021641783275398734
  23930.0 0.002038034973367821 
  23940.0 0.0015671809748053689
  23950.0 0.0015518720834421112
  23960.0 0.0018337159904959254
  23970.0 0.001513190846418829 
  23980.0 0.0013032924971715617
  23990.0 0.0012679666409896135
  24000.0 9.020550773631923E-4 
  24010.0 0.0024566184122951184
  24020.0 0.002730861116794031 
  24030.0 0.0016183066010616452
  24040.0 0.0015204627129564946
  24050.0 0.0019216617650612358
  24060.0 0.0022425467693018572
  24070.0 0.0020767417884982294
  24080.0 0.0013868436597086647
  24090.0 0.001654401214267493 
  24100.0 0.0015688075927981022
  24110.0 0.0013044977823305191
  24120.0 0.0010439910486282305
  24130.0 6.744104821615263E-4 
  24140.0 4.590148309208501E-4 
